Problem: p1
Time: 10.04s
Total Cost: 10091
Facility Status: 1 1 1 1 1 1 1 1 1 1 
Customer Status: 5 2 5 6 2 4 8 1 8 7 2 1 0 4 0 2 8 5 2 2 9 5 4 0 5 7 5 3 3 0 4 7 5 6 7 4 2 3 5 6 0 4 5 6 5 6 9 5 1 6 

Problem: p2
Time: 9.932s
Total Cost: 8894
Facility Status: 1 1 1 1 1 1 1 1 1 1 
Customer Status: 2 0 1 6 3 3 2 4 7 1 9 8 3 2 8 3 4 8 9 7 3 4 6 4 2 5 3 5 0 5 2 6 0 3 9 7 4 3 0 4 1 8 1 5 7 0 4 0 4 0 

Problem: p3
Time: 9.958s
Total Cost: 10905
Facility Status: 1 1 1 1 1 1 1 1 1 1 
Customer Status: 0 0 5 6 3 8 2 4 4 6 9 8 0 2 8 2 4 0 9 7 3 2 6 7 2 6 3 5 0 5 9 6 0 3 9 4 7 3 0 4 2 8 3 5 7 8 4 0 4 3 

Problem: p4
Time: 10.394s
Total Cost: 13576
Facility Status: 1 1 1 1 1 1 1 1 1 1 
Customer Status: 0 4 5 6 5 3 4 9 9 5 9 8 3 0 8 3 4 9 9 7 3 4 6 4 5 6 5 5 0 5 4 6 3 3 9 4 7 0 8 4 3 8 3 5 7 0 4 0 4 0 

Problem: p5
Time: 1.889s
Total Cost: 15347
Facility Status: 1 1 1 1 1 1 1 1 1 1 
Customer Status: 8 0 1 9 3 8 0 4 7 5 9 8 8 0 8 3 0 7 9 7 0 0 0 9 0 0 3 5 0 5 9 0 8 6 9 4 0 3 8 4 3 8 0 0 7 0 0 0 4 0 

Problem: p6
Time: 1.821s
Total Cost: 13862
Facility Status: 1 1 1 1 1 1 1 1 1 1 
Customer Status: 0 8 1 0 6 8 2 4 0 0 9 8 3 0 7 3 9 5 9 7 0 7 9 4 2 0 1 5 8 5 0 6 0 0 9 0 0 3 8 9 5 8 1 5 7 7 0 0 4 8 

Problem: p7
Time: 1.854s
Total Cost: 15454
Facility Status: 1 1 1 1 1 1 1 1 1 1 
Customer Status: 0 8 3 6 3 0 0 0 0 9 9 0 0 0 8 8 4 0 9 7 3 0 6 4 5 0 3 0 0 0 0 6 0 0 9 9 7 0 8 4 0 8 3 9 7 0 4 0 0 8 

Problem: p8
Time: 2.021s
Total Cost: 19435
Facility Status: 1 1 1 1 1 1 1 1 1 1 
Customer Status: 0 0 9 0 0 7 0 0 4 9 9 0 8 8 8 3 4 8 9 7 3 8 0 0 6 5 5 6 0 0 0 6 0 3 9 9 4 3 0 9 0 0 8 5 7 0 0 8 0 0 

Problem: p9
Time: 10.737s
Total Cost: 10906
Facility Status: 1 1 1 1 1 1 1 1 1 1 
Customer Status: 8 8 1 6 3 8 2 9 0 5 9 8 3 9 8 3 4 0 9 7 3 8 9 7 6 6 0 5 8 5 2 6 3 3 9 4 4 3 2 4 1 0 3 5 7 0 4 0 4 0 

Problem: p10
Time: 10.754s
Total Cost: 8472
Facility Status: 1 1 1 1 1 1 1 1 1 1 
Customer Status: 8 8 1 6 3 8 2 4 7 1 9 8 3 2 8 3 2 0 9 7 3 8 6 4 2 5 3 5 8 5 9 6 8 3 2 4 4 3 0 9 5 8 1 5 7 0 4 0 4 0 

Problem: p11
Time: 11.306s
Total Cost: 10664
Facility Status: 1 1 1 1 1 1 1 1 1 1 
Customer Status: 0 8 1 5 3 8 3 4 4 1 9 8 3 8 8 8 4 0 9 7 1 8 9 4 5 5 1 5 8 5 9 6 0 3 9 7 4 3 0 4 1 8 1 5 7 0 4 0 4 0 

Problem: p12
Time: 10.561s
Total Cost: 12033
Facility Status: 1 1 1 1 1 1 1 1 1 1 
Customer Status: 8 0 3 6 3 8 2 4 4 5 9 8 3 2 8 0 4 8 9 7 3 8 9 4 2 5 3 5 0 5 2 6 0 0 4 4 7 3 0 4 3 8 3 5 7 0 4 0 4 0 

Problem: p13
Time: 10.541s
Total Cost: 9374
Facility Status: 1 1 1 1 1 1 1 1 1 1 1 1 1 1 1 1 1 1 1 1 
Customer Status: 16 14 10 10 19 13 17 13 14 17 16 19 1 1 13 11 15 10 17 9 19 15 15 19 9 17 16 17 1 17 13 15 13 16 1 10 11 19 19 13 14 16 15 16 11 15 14 10 19 9 

Problem: p14
Time: 10.551s
Total Cost: 8453
Facility Status: 1 1 1 1 1 1 1 1 1 1 1 1 1 1 1 1 1 1 1 1 
Customer Status: 16 14 10 10 19 18 17 13 14 17 15 4 19 6 13 12 15 10 4 9 14 15 18 19 6 17 16 17 12 17 13 18 13 16 11 10 11 19 19 13 6 16 15 16 17 18 14 10 19 9 

Problem: p15
Time: 10.212s
Total Cost: 11866
Facility Status: 1 1 1 1 1 1 1 1 1 1 1 1 1 1 1 1 1 1 1 1 
Customer Status: 16 14 16 16 19 18 17 13 14 17 15 19 19 10 13 11 15 10 17 9 18 15 15 19 11 17 0 17 19 17 0 15 13 16 11 10 19 19 19 13 10 15 5 16 11 5 14 10 19 9 

Problem: p16
Time: 10.454s
Total Cost: 13095
Facility Status: 1 1 1 1 1 1 1 1 1 1 1 1 1 1 1 1 1 1 1 1 
Customer Status: 13 3 6 2 19 8 4 2 7 18 7 5 14 14 14 12 7 10 19 3 2 3 6 2 2 3 4 0 15 9 16 18 0 8 3 5 11 9 15 4 15 13 3 14 2 5 9 2 14 12 

Problem: p17
Time: 10.221s
Total Cost: 9528
Facility Status: 1 1 1 1 1 1 1 1 1 1 1 1 1 1 1 1 1 1 1 1 
Customer Status: 16 12 10 10 19 6 17 13 12 17 16 19 19 6 13 11 15 10 17 9 12 15 15 19 6 17 16 17 12 17 13 15 13 16 11 10 11 19 19 13 6 16 5 16 11 5 15 10 19 9 

Problem: p18
Time: 11.138s
Total Cost: 9030
Facility Status: 1 1 1 1 1 1 1 1 1 1 1 1 1 1 1 1 1 1 1 1 
Customer Status: 16 17 10 10 1 18 17 18 14 17 14 19 19 14 13 12 15 10 19 9 12 15 0 19 6 17 16 17 1 17 13 7 13 0 1 10 11 19 19 13 6 0 0 16 11 18 14 10 19 9 

Problem: p19
Time: 11.285s
Total Cost: 12097
Facility Status: 1 1 1 1 1 1 1 1 1 1 1 1 1 1 1 1 1 1 1 1 
Customer Status: 16 12 10 10 19 18 17 13 14 17 15 4 19 14 13 11 15 10 4 9 12 15 15 19 16 12 16 17 17 17 13 16 18 16 11 10 11 19 19 13 10 0 5 16 11 5 0 10 19 9 

Problem: p20
Time: 9.953s
Total Cost: 12592
Facility Status: 1 1 1 1 1 1 1 1 1 1 1 1 1 1 1 1 1 1 1 1 
Customer Status: 16 12 10 10 19 15 17 13 14 17 15 19 19 6 13 14 15 14 17 9 12 15 15 19 6 17 16 17 12 17 13 15 13 16 11 10 11 19 19 13 10 16 13 16 9 12 14 6 19 9 

Problem: p21
Time: 10.649s
Total Cost: 9642
Facility Status: 1 1 1 1 1 1 1 1 1 1 1 1 1 1 1 1 1 1 1 1 
Customer Status: 16 12 10 10 19 14 17 13 14 17 15 19 19 6 13 11 15 14 17 9 14 15 15 19 6 17 16 17 17 17 13 15 13 16 17 10 11 19 19 13 6 16 5 16 8 5 14 10 19 9 

Problem: p22
Time: 11.344s
Total Cost: 7636
Facility Status: 1 1 1 1 1 1 1 1 1 1 1 1 1 1 1 1 1 1 1 1 
Customer Status: 16 12 10 10 19 12 17 13 14 17 15 19 19 6 13 11 15 10 17 9 12 15 15 19 6 17 16 17 12 17 13 15 13 16 11 10 11 19 19 13 6 16 5 16 11 5 14 10 19 9 

Problem: p23
Time: 10.55s
Total Cost: 10327
Facility Status: 1 1 1 1 1 1 1 1 1 1 1 1 1 1 1 1 1 1 1 1 
Customer Status: 16 12 10 10 1 1 17 13 14 17 15 19 1 6 13 11 15 10 17 9 12 15 15 19 6 17 16 17 1 17 13 15 13 16 11 10 11 19 19 13 10 16 14 16 11 15 14 10 19 9 

Problem: p24
Time: 10.133s
Total Cost: 13142
Facility Status: 1 1 1 1 1 1 1 1 1 1 1 1 1 1 1 1 1 1 1 1 
Customer Status: 16 14 16 10 19 18 17 13 14 17 15 4 19 6 13 11 15 10 4 9 14 15 15 19 6 17 16 17 3 17 13 15 13 16 3 10 11 19 19 13 6 16 15 16 11 13 14 10 19 9 

Problem: p25
Time: 28.768s
Total Cost: 18608
Facility Status: 1 1 1 1 1 1 1 1 1 1 1 1 1 1 1 1 1 1 1 1 1 1 1 1 1 1 1 1 1 1 
Customer Status: 16 27 14 27 24 8 23 14 10 8 28 20 2 4 3 24 29 4 6 12 17 23 22 29 26 8 21 9 24 20 10 22 23 5 20 1 5 11 22 19 7 21 2 0 6 5 22 9 6 0 3 18 15 26 20 0 25 24 21 2 28 5 15 17 21 14 29 8 21 5 1 17 26 16 2 12 19 7 3 8 7 13 16 14 8 11 1 10 24 28 26 19 4 27 9 24 0 24 10 19 25 17 23 20 27 13 0 15 3 20 17 23 15 5 12 10 16 16 9 10 19 10 4 26 25 13 13 6 16 21 11 9 12 23 13 8 22 4 17 25 4 18 28 17 9 25 29 20 18 6 

Problem: p26
Time: 32.125s
Total Cost: 16681
Facility Status: 1 1 1 1 1 1 1 1 1 1 1 1 1 1 1 1 1 1 1 1 1 1 1 1 1 1 1 1 1 1 
Customer Status: 21 28 26 20 10 5 25 23 3 23 22 15 13 27 1 7 19 8 13 18 7 4 1 29 20 2 6 3 27 11 16 11 24 18 8 9 4 0 5 21 17 17 9 14 7 10 28 26 26 0 12 21 11 5 15 18 23 17 12 5 25 29 7 5 19 13 23 24 11 5 29 6 23 26 21 1 16 2 8 1 10 14 6 4 8 13 27 15 4 17 25 21 14 22 7 24 6 16 9 18 2 22 2 19 27 29 27 18 23 4 19 22 15 23 13 13 13 22 21 27 17 16 23 14 25 22 12 24 17 15 28 15 29 0 26 2 3 21 10 12 8 8 7 11 2 28 13 29 15 18 

Problem: p27
Time: 34.072s
Total Cost: 24058
Facility Status: 1 1 1 1 1 1 1 1 1 1 1 1 1 1 1 1 1 1 1 1 1 1 1 1 1 1 1 1 1 1 
Customer Status: 17 17 13 4 23 27 23 21 14 2 4 8 29 6 21 27 9 1 25 5 20 25 28 10 11 5 11 8 18 3 13 16 24 18 13 2 15 19 24 26 20 1 27 29 12 22 25 0 5 12 22 7 4 10 26 9 23 10 15 5 12 3 11 5 15 0 2 2 2 11 21 10 18 27 21 8 23 6 23 19 13 24 4 17 15 14 14 18 7 25 6 22 0 11 15 21 18 24 0 17 20 22 28 14 11 26 28 5 1 20 25 25 23 2 8 25 26 7 13 28 26 8 22 16 14 14 8 21 4 14 13 14 6 10 24 5 7 2 14 7 25 8 17 23 9 16 16 22 21 10 

Problem: p28
Time: 30.344s
Total Cost: 25524
Facility Status: 1 1 1 1 1 1 1 1 1 1 1 1 1 1 1 1 1 1 1 1 1 1 1 1 1 1 1 1 1 1 
Customer Status: 12 29 11 13 26 1 11 25 0 22 10 3 23 21 24 9 15 19 7 25 28 27 0 17 2 25 19 11 7 26 1 14 8 3 26 6 28 0 7 25 14 0 6 8 10 20 8 24 10 5 19 4 3 16 8 8 11 26 24 17 12 2 3 6 16 28 21 29 22 9 9 27 6 19 23 6 13 25 19 14 22 1 25 5 10 27 26 18 11 11 27 12 1 14 24 22 2 5 26 12 24 0 21 14 24 9 7 15 12 1 13 22 3 19 22 6 2 23 5 4 23 5 16 23 0 12 11 9 21 23 1 1 29 5 0 2 15 29 15 20 29 11 9 25 22 10 6 13 7 10 

Problem: p29
Time: 29.787s
Total Cost: 22719
Facility Status: 1 1 1 1 1 1 1 1 1 1 1 1 1 1 1 1 1 1 1 1 1 1 1 1 1 1 1 1 1 1 
Customer Status: 14 6 10 9 9 29 8 21 15 5 23 25 28 10 19 6 11 11 12 22 25 22 17 2 5 24 14 11 8 1 16 18 28 27 13 17 0 3 27 5 0 18 13 2 25 27 10 22 20 26 4 14 5 20 10 1 17 16 17 16 12 2 22 23 6 18 5 26 6 14 7 25 6 13 22 7 7 10 6 9 21 22 15 23 16 10 10 24 11 23 9 15 16 20 29 28 26 2 24 5 4 13 4 8 0 14 0 2 8 11 26 18 20 18 19 13 22 19 3 19 1 29 9 8 0 27 16 26 5 25 14 5 18 19 9 6 15 27 20 10 22 9 23 14 2 20 18 28 28 29 

Problem: p30
Time: 26.847s
Total Cost: 19686
Facility Status: 1 1 1 1 1 1 1 1 1 1 1 1 1 1 1 1 1 1 1 1 1 1 1 1 1 1 1 1 1 1 
Customer Status: 25 20 22 20 2 11 2 18 28 13 2 26 0 27 17 14 2 20 17 14 11 2 24 23 25 14 28 19 0 19 19 25 13 5 0 20 9 0 15 19 25 14 15 28 24 20 14 24 13 11 17 0 4 19 28 24 20 25 8 0 0 17 13 0 27 29 29 25 16 14 28 24 24 14 20 24 0 13 2 2 25 7 20 19 20 15 5 14 7 14 25 20 11 20 0 14 2 0 29 11 18 14 16 7 2 11 2 17 29 17 0 24 7 17 25 11 11 17 24 17 24 14 0 19 17 25 24 7 24 11 16 24 5 24 27 24 7 5 17 17 14 26 20 5 0 5 26 20 5 14 

Problem: p31
Time: 30.831s
Total Cost: 29936
Facility Status: 1 1 1 1 1 1 1 1 1 1 1 1 1 1 1 1 1 1 1 1 1 1 1 1 1 1 1 1 1 1 
Customer Status: 3 22 11 21 16 11 5 29 6 10 17 29 23 17 3 4 13 15 8 26 9 1 9 0 13 9 21 2 25 26 1 11 24 8 6 27 23 12 6 20 23 5 7 23 19 22 0 2 9 11 24 1 13 12 17 17 17 16 10 21 19 14 25 0 29 24 3 0 8 26 28 21 26 15 27 7 15 25 20 21 9 22 11 13 0 5 14 1 4 13 20 3 8 9 4 1 13 6 16 8 4 5 10 14 10 0 18 25 1 5 11 23 8 23 2 14 11 8 22 18 15 27 29 18 20 26 25 16 14 8 15 10 10 20 7 3 3 0 24 27 26 29 21 26 19 5 1 18 28 12 

Problem: p32
Time: 30.711s
Total Cost: 26480
Facility Status: 1 1 1 1 1 1 1 1 1 1 1 1 1 1 1 1 1 1 1 1 1 1 1 1 1 1 1 1 1 1 
Customer Status: 19 9 29 28 8 2 22 1 13 4 16 10 7 22 24 2 27 24 15 24 23 8 1 19 4 19 10 15 9 20 9 18 7 12 19 0 28 14 1 20 7 27 26 29 12 5 21 7 26 21 25 25 0 16 18 28 20 14 2 3 23 19 26 0 3 3 8 23 12 4 26 20 1 13 13 22 29 2 15 20 17 21 23 17 1 21 5 29 5 14 24 8 21 18 16 22 21 11 5 1 16 10 18 4 20 8 3 16 1 13 2 16 23 10 0 23 11 18 27 14 0 1 25 20 7 22 26 19 16 29 22 17 12 9 8 27 9 25 13 14 4 4 26 17 8 0 16 11 14 9 

Problem: p33
Time: 33.462s
Total Cost: 21319
Facility Status: 1 1 1 1 1 1 1 1 1 1 1 1 1 1 1 1 1 1 1 1 1 1 1 1 1 1 1 1 1 1 
Customer Status: 11 4 9 15 3 6 8 13 10 11 4 7 21 17 16 26 13 21 27 6 22 10 15 15 5 14 19 13 1 24 17 27 1 6 27 3 20 5 8 6 1 4 25 10 29 18 8 5 28 24 12 9 0 1 22 26 5 16 22 14 26 17 10 13 17 24 19 25 0 23 8 2 16 7 14 21 4 9 20 21 24 15 11 27 12 18 20 3 24 14 12 24 16 17 27 12 19 15 10 23 22 1 20 21 21 1 15 2 22 8 19 7 21 16 26 16 7 9 28 22 23 24 27 13 25 28 29 11 5 29 2 5 29 3 6 20 6 27 17 14 17 20 7 29 23 12 21 15 28 3 

Problem: p34
Time: 33.837s
Total Cost: 16194
Facility Status: 1 1 1 1 1 1 1 1 1 1 1 1 1 1 1 1 1 1 1 1 1 1 1 1 1 1 1 1 1 1 
Customer Status: 12 3 8 0 13 7 5 11 16 20 28 24 3 10 24 12 26 29 9 13 27 3 11 18 4 25 28 18 19 10 28 9 2 6 26 8 18 15 12 5 4 11 21 22 15 26 24 21 16 13 20 0 9 4 6 10 24 6 11 25 7 20 3 3 10 20 15 10 2 8 5 27 2 22 14 18 28 6 18 26 23 23 21 19 18 4 24 12 7 16 20 22 16 23 14 23 13 27 24 22 25 19 7 26 3 19 19 11 28 7 27 18 29 17 10 12 14 1 16 5 25 21 4 1 16 18 18 16 3 16 11 3 19 22 3 9 3 27 8 29 24 10 14 4 28 19 14 6 11 29 

Problem: p35
Time: 32.8s
Total Cost: 21975
Facility Status: 1 1 1 1 1 1 1 1 1 1 1 1 1 1 1 1 1 1 1 1 1 1 1 1 1 1 1 1 1 1 
Customer Status: 29 29 5 10 27 23 16 8 17 6 24 4 2 1 0 3 6 19 21 13 15 18 24 28 4 25 2 20 22 26 29 1 22 6 15 23 14 0 16 19 0 7 21 22 22 9 21 9 29 18 16 25 20 10 18 19 17 5 20 13 12 6 17 8 25 15 28 21 13 23 20 8 3 27 0 29 15 3 8 18 11 11 28 0 15 2 2 19 4 25 21 5 9 27 22 18 29 2 5 27 7 15 23 3 1 11 10 29 26 15 2 18 0 26 7 17 11 28 17 6 14 18 29 2 23 15 15 17 15 20 4 25 17 6 11 0 17 0 29 10 4 22 1 6 25 4 19 27 20 16 

Problem: p36
Time: 33.184s
Total Cost: 24416
Facility Status: 1 1 1 1 1 1 1 1 1 1 1 1 1 1 1 1 1 1 1 1 1 1 1 1 1 1 1 1 1 1 
Customer Status: 12 25 5 13 21 15 22 1 15 19 2 16 14 24 4 20 0 12 29 22 19 28 21 18 16 5 18 4 15 17 3 29 12 20 23 1 7 16 1 9 25 13 6 28 23 22 26 8 24 24 23 15 11 25 10 3 11 11 28 17 29 13 26 0 23 12 24 12 7 26 21 0 21 17 23 26 13 9 9 21 8 22 18 29 9 22 0 2 24 20 27 4 23 13 11 4 2 0 2 10 19 4 28 28 1 8 8 2 24 27 6 9 4 26 29 6 25 15 27 0 8 29 18 5 1 17 14 0 29 4 9 5 21 13 11 28 19 28 29 28 20 26 25 20 19 1 1 12 27 14 

Problem: p37
Time: 35.245s
Total Cost: 16867
Facility Status: 1 1 1 1 1 1 1 1 1 1 1 1 1 1 1 1 1 1 1 1 1 1 1 1 1 1 1 1 1 1 
Customer Status: 28 9 12 20 1 25 9 13 5 16 3 4 27 17 19 0 23 24 18 18 4 5 14 0 1 4 4 21 23 17 3 7 28 27 24 6 14 1 5 6 7 6 4 10 13 13 14 29 3 2 29 27 5 29 0 20 11 4 17 24 28 2 26 9 12 29 7 7 19 11 24 25 20 20 12 21 23 11 13 12 26 9 29 2 19 10 0 17 1 8 2 16 5 11 3 16 24 4 25 28 25 4 25 8 15 9 18 3 1 0 2 10 27 16 16 22 19 13 22 23 9 5 28 29 29 20 8 21 23 11 23 12 3 13 2 19 24 21 19 26 22 3 14 16 13 9 17 28 5 4 

Problem: p38
Time: 33.153s
Total Cost: 14869
Facility Status: 1 1 1 1 1 1 1 1 1 1 1 1 1 1 1 1 1 1 1 1 1 1 1 1 1 1 1 1 1 1 
Customer Status: 15 1 5 8 4 4 3 25 28 21 15 22 29 22 10 14 20 16 14 6 17 18 5 7 12 12 13 9 17 4 12 27 11 7 16 4 25 26 17 18 6 12 15 6 21 0 9 22 1 27 14 20 11 5 0 26 20 25 9 8 5 27 20 17 0 28 26 2 28 25 2 21 15 26 14 16 13 21 3 2 9 25 8 26 11 16 12 16 10 10 1 2 6 1 29 0 17 6 9 7 7 15 24 7 16 28 10 0 3 4 5 27 11 14 28 17 13 4 0 16 12 6 28 25 0 19 18 13 25 20 24 13 15 21 26 23 27 12 8 18 8 11 5 22 19 2 20 9 10 2 

Problem: p39
Time: 33.919s
Total Cost: 17581
Facility Status: 1 1 1 1 1 1 1 1 1 1 1 1 1 1 1 1 1 1 1 1 1 1 1 1 1 1 1 1 1 1 
Customer Status: 16 15 28 11 0 21 23 1 6 10 24 19 16 28 3 13 2 28 13 18 7 12 17 20 5 18 8 15 16 27 12 24 17 22 28 18 9 29 19 0 17 2 26 14 4 15 29 25 14 25 22 18 2 29 10 20 21 8 16 16 21 3 21 22 27 22 8 8 18 11 7 11 9 9 1 19 1 19 23 13 22 3 2 26 10 11 17 4 23 6 0 3 27 25 21 28 3 20 7 15 13 26 9 12 4 28 4 17 6 10 26 10 8 14 9 12 25 2 25 27 29 24 21 18 20 12 19 27 18 21 25 0 29 15 18 0 27 16 24 21 6 11 6 26 1 16 4 20 28 23 

Problem: p40
Time: 34.715s
Total Cost: 22382
Facility Status: 1 1 1 1 1 1 1 1 1 1 1 1 1 1 1 1 1 1 1 1 1 1 1 1 1 1 1 1 1 1 
Customer Status: 20 5 8 15 0 4 18 2 14 12 28 5 12 27 15 22 19 17 29 2 5 8 6 7 9 28 20 10 0 18 0 28 28 9 1 6 25 25 14 2 15 23 22 5 28 18 11 29 7 20 16 12 7 17 16 1 16 8 11 9 21 16 13 14 28 29 25 23 5 5 24 22 3 26 0 11 3 1 3 4 0 4 12 20 29 9 22 19 23 14 26 23 0 25 6 5 1 23 26 3 21 11 8 12 21 19 26 19 15 9 19 20 15 0 11 17 28 16 26 11 7 8 25 20 0 6 14 20 6 17 15 7 19 14 4 10 23 16 10 7 19 23 24 21 24 10 21 18 8 17 

Problem: p41
Time: 6.335s
Total Cost: 7709
Facility Status: 1 1 1 1 1 1 1 1 1 1 
Customer Status: 4 6 4 6 7 5 6 6 4 1 6 8 2 5 4 6 2 2 8 7 4 7 0 2 1 4 7 3 6 7 8 2 3 7 2 8 3 1 8 5 8 8 3 7 5 9 3 3 2 4 2 0 5 3 7 2 1 4 2 8 6 8 6 6 7 6 3 6 5 6 2 4 4 0 8 0 9 2 9 7 3 7 4 7 5 0 9 3 8 9 

Problem: p42
Time: 12.753s
Total Cost: 8709
Facility Status: 1 1 1 1 1 1 1 1 1 1 1 1 1 1 1 1 1 1 1 1 
Customer Status: 19 1 1 18 13 10 11 15 5 6 2 5 2 19 7 17 9 14 11 18 13 2 18 17 0 2 16 1 17 8 6 7 1 10 8 3 17 8 8 11 13 6 19 7 16 9 15 11 18 14 9 16 9 11 19 19 4 17 8 19 13 17 4 12 8 6 4 6 16 8 7 18 19 9 4 6 9 8 5 1 

Problem: p43
Time: 16.478s
Total Cost: 10686
Facility Status: 1 1 1 1 1 1 1 1 1 1 1 1 1 1 1 1 1 1 1 1 1 1 1 1 1 1 1 1 1 1 
Customer Status: 23 18 9 25 8 2 12 18 15 17 20 22 27 20 20 1 17 15 3 23 25 6 2 21 16 28 13 20 26 8 26 1 29 22 13 25 27 4 0 9 11 13 5 19 12 26 15 27 12 5 2 8 27 17 28 7 13 0 7 17 7 27 23 7 28 6 25 16 26 8 

Problem: p44
Time: 3.11s
Total Cost: 12667
Facility Status: 1 1 1 1 1 1 1 1 1 1 
Customer Status: 0 0 4 7 4 4 0 0 6 0 0 6 0 6 0 0 1 8 1 0 8 1 6 0 2 2 0 0 2 0 0 0 7 3 3 0 3 3 3 7 4 0 0 8 0 8 3 3 0 0 7 0 5 8 2 8 8 3 8 7 7 0 3 3 3 8 3 9 5 5 4 8 3 3 4 2 0 8 7 8 8 8 2 3 4 9 0 8 3 8 

Problem: p45
Time: 6.182s
Total Cost: 9879
Facility Status: 1 1 1 1 1 1 1 1 1 1 1 1 1 1 1 1 1 1 1 1 
Customer Status: 19 0 11 6 16 9 17 0 5 11 18 16 18 11 0 13 10 7 5 19 15 12 16 4 12 10 3 12 19 13 0 7 13 6 4 13 0 17 13 0 5 11 2 19 14 12 5 3 0 11 17 10 10 17 2 7 10 14 17 17 0 5 6 16 11 6 19 16 11 0 17 18 14 19 8 18 19 7 0 10 

Problem: p46
Time: 14.913s
Total Cost: 9651
Facility Status: 1 1 1 1 1 1 1 1 1 1 1 1 1 1 1 1 1 1 1 1 1 1 1 1 1 1 1 1 1 1 
Customer Status: 2 1 28 5 18 12 3 13 28 10 25 22 27 23 7 29 3 5 27 28 6 1 6 3 15 16 20 11 22 11 7 2 6 21 5 14 11 13 16 11 24 14 28 1 17 8 22 16 9 24 0 14 4 15 2 5 18 3 26 6 8 16 18 13 2 13 10 16 4 5 

Problem: p47
Time: 15.905s
Total Cost: 7053
Facility Status: 1 1 1 1 1 1 1 1 1 1 
Customer Status: 4 6 5 5 7 3 7 5 3 3 9 6 4 2 4 0 0 3 4 5 2 5 4 4 3 7 0 6 3 7 7 5 3 7 5 6 3 1 4 7 0 4 2 0 0 7 1 2 2 7 2 1 5 2 3 4 7 1 5 0 1 2 6 6 4 5 6 7 3 0 0 3 3 7 6 2 5 1 7 7 2 4 6 7 8 6 7 2 6 5 

Problem: p48
Time: 10.456s
Total Cost: 7527
Facility Status: 1 1 1 1 1 1 1 1 1 1 1 1 1 1 1 1 1 1 1 1 
Customer Status: 0 19 4 1 14 1 2 4 4 4 1 3 1 1 15 1 1 0 1 5 18 4 1 17 9 7 18 14 2 3 8 1 1 18 3 5 4 5 15 1 8 15 4 3 4 3 1 6 4 13 4 18 1 3 8 10 1 7 8 13 8 4 1 6 4 8 2 17 3 1 10 7 19 13 15 19 17 7 3 4 

Problem: p49
Time: 14.991s
Total Cost: 6784
Facility Status: 1 1 1 1 1 1 1 1 1 1 1 1 1 1 1 1 1 1 1 1 1 1 1 1 1 1 1 1 1 1 
Customer Status: 17 21 3 29 28 20 5 17 25 2 19 14 4 10 27 3 21 8 28 0 0 11 6 1 21 5 3 4 28 26 18 2 28 9 21 26 1 15 7 27 1 15 6 26 19 15 6 22 10 12 21 18 7 0 3 9 21 17 13 19 27 7 10 29 7 5 24 27 4 8 

Problem: p50
Time: 10.872s
Total Cost: 10916
Facility Status: 1 1 1 1 1 1 1 1 1 1 
Customer Status: 7 0 0 9 5 7 8 5 3 3 4 3 7 0 9 9 4 0 0 0 3 3 6 6 4 7 0 7 0 3 7 7 6 5 8 4 1 3 6 3 8 7 3 0 4 8 5 7 5 0 7 0 7 3 0 3 0 2 5 4 0 6 9 5 0 7 3 4 0 0 6 6 7 6 7 3 5 8 3 4 7 7 8 0 4 6 5 5 4 1 5 1 5 9 5 9 6 6 6 4 

Problem: p51
Time: 10.094s
Total Cost: 9781
Facility Status: 1 1 1 1 1 1 1 1 1 1 1 1 1 1 1 1 1 1 1 1 
Customer Status: 11 8 2 12 11 18 1 2 3 17 10 5 15 4 8 14 12 4 13 8 16 19 4 10 19 3 14 12 15 14 18 5 5 5 6 19 8 16 19 8 13 6 2 1 1 19 19 3 17 14 7 4 12 10 3 10 2 9 2 10 19 17 10 3 6 18 17 1 14 6 17 10 18 14 14 8 18 11 16 15 0 0 3 14 17 3 15 1 0 9 14 0 8 7 5 17 4 17 13 6 

Problem: p52
Time: 3.599s
Total Cost: 17840
Facility Status: 1 1 1 1 1 1 1 1 1 1 
Customer Status: 7 7 7 7 7 0 7 7 3 7 0 0 0 4 4 0 4 8 8 0 8 4 8 3 0 9 6 9 0 9 0 9 9 0 6 0 6 7 6 6 0 6 7 0 7 7 4 6 8 9 0 7 8 6 0 0 0 0 7 4 6 6 2 1 9 4 4 3 7 4 2 3 2 0 3 6 3 4 7 6 3 0 1 2 0 4 7 9 1 7 9 7 0 0 1 7 7 7 6 8 

Problem: p53
Time: 5.763s
Total Cost: 12234
Facility Status: 1 1 1 1 1 1 1 1 1 1 1 1 1 1 1 1 1 1 1 1 
Customer Status: 5 16 2 16 15 11 1 2 5 1 3 10 19 4 11 13 14 8 3 17 17 12 3 5 13 12 17 12 16 11 14 15 17 17 1 10 5 18 1 7 1 12 6 3 11 16 16 2 8 19 5 1 0 3 18 18 2 10 6 3 5 15 10 12 1 1 4 13 17 10 3 11 1 15 17 10 8 17 13 2 1 16 19 2 19 7 19 15 3 14 18 4 15 1 15 7 1 6 16 0 

Problem: p54
Time: 3.809s
Total Cost: 16193
Facility Status: 1 1 1 1 1 1 1 1 1 1 
Customer Status: 7 9 7 0 7 0 0 2 7 2 2 2 2 0 7 7 2 2 0 0 7 3 7 0 1 0 0 7 0 0 3 3 6 3 3 7 8 0 3 6 6 8 7 8 0 8 8 6 8 7 8 3 6 0 6 6 7 0 7 6 7 0 5 6 0 7 0 6 6 0 4 6 7 0 7 7 0 4 0 5 4 4 4 0 4 7 0 4 4 7 4 0 7 9 9 4 9 7 7 9 

Problem: p55
Time: 6.261s
Total Cost: 11504
Facility Status: 1 1 1 1 1 1 1 1 1 1 1 1 1 1 1 1 1 1 1 1 
Customer Status: 4 18 8 19 10 2 10 9 4 0 0 12 10 3 1 8 1 1 7 1 9 11 4 8 4 16 7 8 16 12 9 10 19 11 16 13 17 12 7 0 12 1 13 17 13 1 13 7 12 10 17 13 13 1 2 6 7 6 5 0 18 0 9 4 1 6 2 8 8 1 17 9 3 11 12 0 10 14 14 8 13 1 2 3 6 5 11 17 17 4 6 1 18 18 15 4 3 6 11 2 

Problem: p56
Time: 6.848s
Total Cost: 49191
Facility Status: 1 1 1 1 1 1 1 1 1 1 1 1 1 1 1 1 1 1 1 1 1 1 1 1 1 1 1 1 1 1 
Customer Status: 27 23 16 11 0 20 26 6 11 5 0 21 5 15 22 9 0 6 19 3 16 1 28 5 25 17 27 26 12 24 19 5 18 20 11 2 26 27 14 0 9 28 3 29 26 7 14 1 10 9 15 7 25 15 27 22 29 0 21 5 18 0 9 11 12 22 24 0 5 7 1 25 17 19 5 0 26 3 12 22 0 15 10 14 20 28 8 0 22 24 17 28 3 24 0 28 5 2 8 5 24 0 5 0 2 19 20 7 7 17 0 22 0 21 10 5 20 15 6 13 3 22 10 0 16 3 15 23 7 19 17 8 26 9 1 17 2 17 21 27 15 14 25 25 16 29 9 28 3 1 28 0 12 0 21 13 11 17 5 24 17 15 21 25 25 0 1 0 23 13 2 3 19 2 0 0 23 25 14 19 12 25 19 27 0 23 13 9 28 0 0 5 2 0 0 14 3 9 12 22 

Problem: p57
Time: 6.891s
Total Cost: 57678
Facility Status: 1 1 1 1 1 1 1 1 1 1 1 1 1 1 1 1 1 1 1 1 1 1 1 1 1 1 1 1 1 1 
Customer Status: 18 13 5 5 0 27 0 14 0 27 15 18 7 27 9 29 0 28 24 19 3 25 23 16 18 7 12 5 2 28 20 8 11 2 17 2 19 25 26 15 8 15 23 28 17 26 28 15 17 2 22 12 1 29 13 23 19 19 10 9 10 3 29 25 22 8 12 7 22 3 2 12 13 26 10 14 2 24 20 23 24 19 16 29 22 7 2 6 12 13 26 15 17 16 21 20 17 21 11 16 24 1 18 11 28 11 19 14 13 5 0 23 21 0 27 9 0 27 26 8 14 25 12 18 13 1 13 14 28 19 9 10 16 13 11 26 18 19 8 7 11 1 18 28 26 0 12 3 0 24 3 13 11 22 17 16 18 10 18 8 14 2 28 6 13 7 16 23 7 28 29 19 8 27 15 26 21 3 9 10 29 15 12 16 12 12 6 27 19 12 22 9 0 26 12 6 29 27 29 19 

Problem: p58
Time: 6.793s
Total Cost: 79111
Facility Status: 1 1 1 1 1 1 1 1 1 1 1 1 1 1 1 1 1 1 1 1 1 1 1 1 1 1 1 1 1 1 
Customer Status: 0 1 22 6 23 12 27 21 25 18 4 17 6 4 3 7 6 26 2 19 1 6 29 6 9 7 26 22 22 17 15 4 16 28 23 27 25 6 6 29 11 29 15 12 21 4 12 22 22 7 7 25 6 1 11 3 8 23 22 17 4 17 28 4 4 18 29 2 6 21 11 14 22 9 24 20 8 14 4 7 5 25 6 5 21 2 23 19 14 23 17 27 28 25 1 5 2 25 24 6 14 26 8 27 5 10 11 4 11 22 20 7 20 23 17 2 18 2 9 25 6 26 25 20 16 26 6 6 6 4 6 2 7 27 28 26 8 12 1 11 29 29 8 21 3 4 18 28 22 9 27 12 15 23 19 23 8 13 28 22 21 3 14 15 22 13 15 19 19 22 4 29 8 15 20 22 26 1 27 14 16 29 11 6 26 18 25 10 13 8 4 4 17 27 9 6 4 3 25 2 

Problem: p59
Time: 18.379s
Total Cost: 65088
Facility Status: 1 1 1 1 1 1 1 1 1 1 1 1 1 1 1 1 1 1 1 1 1 1 1 1 1 1 1 1 1 1 
Customer Status: 0 28 6 5 0 27 12 2 3 24 10 20 20 28 27 13 21 9 5 3 2 3 7 25 21 2 1 21 8 7 13 21 27 1 18 16 20 19 11 8 17 8 9 26 1 15 2 29 23 9 26 15 15 29 26 23 9 16 1 13 25 16 28 12 15 25 29 14 12 17 22 19 22 23 24 10 14 28 6 21 18 2 19 7 19 17 27 14 2 19 23 22 9 17 24 22 25 28 11 11 9 15 29 29 23 16 15 6 3 29 27 10 29 19 6 9 27 14 20 7 11 22 25 1 16 21 8 12 3 1 12 21 23 24 19 11 15 27 15 19 3 8 19 18 7 26 1 18 27 26 24 22 13 19 7 6 8 10 19 28 8 7 12 7 22 20 23 13 6 18 14 16 16 27 3 20 14 13 25 25 17 10 29 24 6 19 6 18 16 16 10 10 16 8 16 23 20 1 25 26 

Problem: p60
Time: 47.72s
Total Cost: 29981
Facility Status: 1 1 1 1 1 1 1 1 1 1 1 1 1 1 1 1 1 1 1 1 1 1 1 1 1 1 1 1 1 1 
Customer Status: 18 21 8 5 21 25 24 23 16 6 25 4 1 4 9 28 9 27 11 12 6 9 7 7 18 2 5 25 23 2 2 16 26 0 3 2 5 14 3 26 26 2 8 4 11 18 29 4 27 7 8 13 6 8 28 5 14 28 13 20 26 6 0 28 15 24 28 22 7 21 12 3 0 27 5 19 1 9 6 23 1 12 13 4 10 22 24 16 16 15 13 5 28 24 5 5 2 20 28 27 27 0 12 4 29 26 22 8 22 6 19 8 6 28 25 11 4 21 27 1 6 5 3 5 5 12 23 18 0 14 6 24 0 4 2 15 5 0 17 24 17 0 14 5 19 0 20 12 29 18 13 6 29 12 9 18 1 22 2 23 19 18 25 17 14 14 24 1 17 18 12 25 22 13 20 16 22 4 28 13 24 6 0 0 15 28 21 16 23 18 26 4 25 24 24 22 4 29 8 14 

Problem: p61
Time: 45.871s
Total Cost: 41701
Facility Status: 1 1 1 1 1 1 1 1 1 1 1 1 1 1 1 1 1 1 1 1 1 1 1 1 1 1 1 1 1 1 
Customer Status: 18 23 5 20 2 12 15 11 8 24 26 24 20 2 20 10 6 10 12 0 27 26 13 17 8 12 18 24 27 16 0 25 15 8 9 27 7 25 8 28 17 21 3 25 27 28 25 8 18 15 9 16 18 29 24 1 12 27 0 16 1 14 19 15 0 6 2 29 9 26 7 11 26 1 14 24 7 23 13 29 23 5 7 28 10 12 18 20 9 28 10 10 26 5 27 26 14 22 27 15 18 8 1 9 21 14 22 6 28 1 19 8 12 8 28 0 13 14 21 23 17 13 19 0 8 10 20 6 17 0 0 10 22 0 17 26 28 18 11 22 29 24 24 1 13 15 16 24 12 25 18 12 29 28 18 19 9 9 13 13 20 15 28 23 14 19 0 27 18 11 29 0 5 9 19 6 17 26 21 12 23 10 28 29 0 29 16 10 10 0 18 29 23 15 26 29 1 16 25 23 

Problem: p62
Time: 47.482s
Total Cost: 60187
Facility Status: 1 1 1 1 1 1 1 1 1 1 1 1 1 1 1 1 1 1 1 1 1 1 1 1 1 1 1 1 1 1 
Customer Status: 15 29 28 23 18 9 1 13 2 23 18 22 20 12 7 9 10 7 9 4 29 29 24 12 12 8 15 14 21 0 1 17 4 17 15 8 26 13 14 17 18 23 22 27 19 7 1 27 21 23 17 11 10 5 7 9 4 2 12 7 24 10 2 0 16 3 17 9 12 25 10 16 26 22 27 15 28 19 11 4 18 16 4 28 16 25 4 8 21 26 28 20 20 21 0 3 4 4 27 12 21 23 4 19 12 10 0 22 8 13 23 8 19 23 14 16 5 15 10 5 4 29 26 26 2 11 18 8 3 7 25 15 23 13 1 17 27 16 3 22 11 28 11 16 17 14 19 24 12 13 2 4 3 17 23 29 16 13 0 23 27 12 22 23 3 15 26 0 8 18 0 18 25 24 26 25 22 16 9 21 17 2 28 26 17 18 13 15 18 14 26 8 5 26 27 4 8 29 26 21 

Problem: p63
Time: 43.901s
Total Cost: 43329
Facility Status: 1 1 1 1 1 1 1 1 1 1 1 1 1 1 1 1 1 1 1 1 1 1 1 1 1 1 1 1 1 1 
Customer Status: 18 28 20 1 21 12 15 1 4 10 26 14 12 11 17 0 0 10 13 4 18 13 28 9 11 22 0 11 8 4 19 6 16 28 24 25 5 5 23 22 13 17 25 7 6 4 28 18 8 4 11 25 1 16 25 0 4 14 2 25 28 8 17 18 7 28 2 1 26 24 19 2 18 4 6 9 20 11 27 12 1 16 19 14 7 25 11 17 13 7 13 28 4 15 13 20 18 10 19 25 12 11 11 4 21 12 1 3 23 4 20 27 22 0 21 19 13 1 12 0 24 10 8 23 15 8 22 3 22 22 28 1 24 28 18 6 26 12 8 19 14 0 3 29 26 0 14 29 2 25 2 4 16 26 13 29 20 17 3 4 16 11 29 8 22 13 0 24 12 23 9 0 1 12 19 20 7 27 25 23 25 13 16 28 26 21 6 3 9 9 20 16 17 6 23 28 2 14 27 23 

Problem: p64
Time: 46.808s
Total Cost: 25031
Facility Status: 1 1 1 1 1 1 1 1 1 1 1 1 1 1 1 1 1 1 1 1 1 1 1 1 1 1 1 1 1 1 
Customer Status: 18 7 21 20 10 12 21 22 17 6 1 29 0 24 27 16 7 14 6 1 6 23 19 11 3 1 25 16 29 8 11 16 19 8 7 29 22 1 21 9 23 27 15 28 19 14 27 20 16 22 19 28 25 26 0 23 27 6 13 26 11 18 6 9 0 17 6 3 21 27 29 9 20 2 13 9 18 11 26 28 7 6 20 15 27 29 27 28 22 7 2 16 15 16 1 14 28 28 17 19 11 5 29 2 16 2 28 6 25 0 24 16 18 23 6 23 13 5 9 29 23 3 11 8 21 17 26 17 9 0 3 0 19 24 16 25 6 14 26 27 2 17 18 22 22 28 10 15 22 4 0 18 16 23 7 27 14 8 25 16 17 0 15 21 13 27 1 25 17 13 0 0 1 13 13 6 28 22 17 0 26 7 26 24 5 16 29 3 20 3 13 6 21 18 27 21 4 7 18 7 

Problem: p65
Time: 46.559s
Total Cost: 32362
Facility Status: 1 1 1 1 1 1 1 1 1 1 1 1 1 1 1 1 1 1 1 1 1 1 1 1 1 1 1 1 1 1 
Customer Status: 18 1 8 0 4 12 21 28 29 7 17 13 11 0 0 16 17 21 19 7 27 11 8 15 10 0 6 6 25 18 10 25 6 4 2 9 11 13 29 0 4 16 9 19 15 6 4 26 7 26 17 4 6 21 23 21 28 10 6 19 17 19 27 5 14 1 10 11 9 15 0 11 7 16 23 2 27 28 2 20 29 12 2 16 25 13 26 29 8 27 18 4 21 18 20 25 10 0 19 11 6 21 5 11 16 10 4 23 7 12 27 14 3 29 26 3 28 26 18 3 7 5 29 16 16 23 4 9 0 28 12 28 27 23 17 14 28 15 10 0 6 4 20 8 13 26 13 17 19 19 19 22 24 7 18 24 25 4 19 28 20 22 26 23 11 24 11 7 9 17 13 9 21 18 16 14 12 14 4 1 1 5 19 19 24 19 1 3 4 22 5 4 7 29 4 25 26 0 28 24 

Problem: p66
Time: 46.075s
Total Cost: 51836
Facility Status: 1 1 1 1 1 1 1 1 1 1 1 1 1 1 1 1 1 1 1 1 1 1 1 1 1 1 1 1 1 1 
Customer Status: 13 2 13 19 27 8 10 4 8 26 9 12 24 22 3 7 10 20 25 2 25 13 4 2 4 11 21 4 11 4 12 28 7 7 21 1 4 15 3 12 17 25 28 17 9 4 16 19 26 15 21 3 2 0 10 19 7 13 24 28 18 19 16 19 29 11 28 29 15 4 10 14 4 6 25 4 23 1 16 26 4 11 9 3 20 22 28 29 11 2 20 20 13 28 26 22 14 1 11 14 22 9 17 4 2 18 23 3 29 7 15 28 19 4 9 1 0 17 7 18 23 17 14 25 23 2 7 24 9 26 24 21 1 2 2 23 18 4 1 29 10 18 24 15 20 25 19 8 1 16 7 19 10 8 22 9 11 19 3 8 2 1 24 27 9 11 29 29 4 3 11 12 13 1 18 4 2 4 1 19 13 24 15 29 16 20 6 2 2 25 15 11 20 24 7 21 23 25 24 16 

Problem: p67
Time: 43.041s
Total Cost: 43501
Facility Status: 1 1 1 1 1 1 1 1 1 1 1 1 1 1 1 1 1 1 1 1 1 1 1 1 1 1 1 1 1 1 
Customer Status: 26 27 9 0 9 23 14 0 20 16 19 8 21 15 1 26 5 27 21 27 29 23 8 5 14 11 0 19 17 5 2 26 3 19 19 20 26 21 16 5 13 13 15 20 13 12 27 11 23 8 12 28 12 15 27 22 10 22 9 20 17 0 0 13 0 2 17 8 5 6 0 0 13 0 25 8 14 14 23 28 12 3 17 17 3 12 16 24 2 8 0 18 5 28 28 5 13 6 6 22 13 18 24 28 12 27 14 25 0 18 5 20 21 11 18 23 12 16 29 13 27 3 2 2 28 13 27 1 0 6 3 0 23 20 1 7 12 25 3 5 19 23 18 18 9 29 23 10 2 8 18 7 13 8 21 24 8 0 8 28 0 18 25 20 2 7 21 13 24 3 6 10 14 14 28 3 28 16 12 24 7 3 19 24 8 21 10 11 9 23 11 7 11 26 11 2 4 26 8 26 

Problem: p68
Time: 26.111s
Total Cost: 32379
Facility Status: 1 1 1 1 1 1 1 1 1 1 1 1 1 1 1 1 1 1 1 1 1 1 1 1 1 1 1 1 1 1 
Customer Status: 18 6 7 0 21 12 26 29 8 1 13 4 25 15 16 10 1 3 16 14 0 11 10 24 6 26 22 14 20 28 3 10 18 21 18 3 25 11 21 11 23 19 0 10 16 20 21 4 12 0 5 14 6 6 1 6 22 6 19 2 15 21 9 24 2 26 29 4 25 5 22 2 4 16 14 13 27 27 14 5 23 6 27 26 4 19 4 20 25 22 0 0 6 29 28 26 9 13 14 8 9 18 25 6 9 27 11 17 16 9 23 4 28 6 4 4 0 5 3 25 9 7 21 27 12 10 3 27 15 28 17 8 20 12 21 0 23 8 2 17 12 21 6 22 13 16 16 6 12 27 14 21 24 7 10 15 26 11 10 28 28 16 1 6 6 12 6 8 19 19 22 2 25 10 8 20 2 28 29 19 7 28 24 18 16 15 11 20 23 25 25 25 27 8 22 16 23 27 23 17 

Problem: p69
Time: 40.285s
Total Cost: 38764
Facility Status: 1 1 1 1 1 1 1 1 1 1 1 1 1 1 1 1 1 1 1 1 1 1 1 1 1 1 1 1 1 1 
Customer Status: 18 28 4 23 21 12 22 6 3 6 17 19 0 9 21 23 6 22 0 17 9 10 2 25 13 27 23 7 21 8 16 19 16 29 13 13 17 4 8 12 28 26 20 26 4 18 21 14 10 14 28 5 11 15 28 5 7 12 9 3 1 6 24 7 6 15 4 4 0 6 16 23 15 14 14 28 21 29 12 12 16 0 26 1 4 20 29 29 5 11 29 4 13 1 2 3 0 2 1 13 21 9 7 2 20 24 8 22 27 29 26 26 10 28 0 13 4 18 0 1 16 12 4 16 13 8 6 0 15 17 29 21 11 28 5 29 15 15 13 24 26 18 4 7 21 20 6 0 8 17 26 27 21 18 22 25 20 3 11 2 21 11 25 16 13 22 23 24 18 13 26 0 6 25 20 19 20 7 16 19 6 4 23 20 29 22 27 8 18 27 13 23 15 1 27 25 12 12 12 18 

Problem: p70
Time: 36.439s
Total Cost: 56389
Facility Status: 1 1 1 1 1 1 1 1 1 1 1 1 1 1 1 1 1 1 1 1 1 1 1 1 1 1 1 1 1 1 
Customer Status: 27 19 5 21 21 21 21 29 4 29 0 6 20 8 12 27 19 20 24 21 18 7 3 4 0 8 18 9 13 12 23 9 10 19 10 28 12 29 21 4 7 0 25 26 6 11 20 12 27 23 8 9 1 10 28 10 23 6 16 11 8 1 20 2 3 19 10 5 11 0 7 29 28 4 22 5 24 21 5 6 23 15 14 29 29 1 25 23 14 0 27 3 29 7 6 8 0 18 29 15 0 19 0 0 23 6 16 3 4 25 21 19 26 3 2 9 11 1 4 25 0 11 27 18 15 18 4 0 14 13 19 0 12 20 7 22 3 24 7 6 13 14 24 11 18 22 23 15 27 23 17 5 27 8 26 22 14 6 15 19 1 20 22 19 18 18 22 9 28 15 27 22 28 19 6 26 20 21 29 23 9 3 7 27 28 25 17 26 3 7 20 5 16 16 3 29 20 4 25 10 

Problem: p71
Time: 36.524s
Total Cost: 50878
Facility Status: 1 1 1 1 1 1 1 1 1 1 1 1 1 1 1 1 1 1 1 1 1 1 1 1 1 1 1 1 1 1 
Customer Status: 18 26 15 27 12 0 15 12 12 12 20 12 28 1 3 26 3 19 23 19 11 8 6 27 0 2 0 24 2 12 15 12 21 29 25 28 27 7 2 19 10 18 7 13 0 12 0 27 15 19 9 4 26 29 2 1 25 14 9 15 3 17 10 21 9 11 13 11 22 22 29 23 14 25 7 28 21 2 17 18 14 29 28 9 17 14 0 26 29 28 23 12 26 16 14 10 13 0 21 29 14 21 10 6 8 15 6 24 18 7 25 8 29 12 0 4 22 6 24 17 23 5 7 16 1 11 16 18 28 11 4 24 1 0 13 22 20 2 25 16 18 22 13 1 18 2 15 18 27 28 22 19 6 9 24 29 25 16 27 13 15 19 9 0 2 14 23 10 8 17 9 24 5 26 27 23 11 1 16 22 21 8 0 17 3 12 20 14 6 28 12 28 8 24 26 19 11 10 26 13 

