Problem: p1
Time: 6.538s
Total Cost: 9123
Facility Status: 1 1 1 1 1 1 0 0 1 1 
Customer State: 0 8 1 5 3 8 2 4 4 1 9 0 3 2 8 3 4 0 9 4 3 8 9 4 2 5 1 5 0 5 2 5 0 3 9 4 4 3 3 4 1 8 1 5 4 0 4 0 4 0 

Problem: p2
Time: 6.183s
Total Cost: 8005
Facility Status: 1 1 1 1 1 1 1 1 1 1 
Customer State: 0 2 1 6 3 8 2 4 4 1 9 8 3 2 8 3 4 0 9 7 3 8 6 4 2 5 1 5 0 5 2 6 0 3 9 4 4 3 0 4 1 8 1 5 7 0 4 0 4 3 

Problem: p3
Time: 6.515s
Total Cost: 9769
Facility Status: 1 1 1 1 1 0 1 1 1 1 
Customer State: 8 2 1 6 3 8 2 4 4 1 9 0 3 2 8 3 4 0 9 7 3 4 6 4 2 6 1 1 0 1 2 6 0 3 9 4 4 3 0 4 3 8 3 6 7 0 4 0 4 0 

Problem: p4
Time: 5.78s
Total Cost: 11084
Facility Status: 1 1 1 1 1 0 1 0 1 0 
Customer State: 0 2 1 6 3 8 2 4 4 1 4 8 3 2 8 3 4 0 6 2 3 8 6 4 2 6 1 6 0 3 2 6 0 3 4 4 4 3 0 4 1 8 1 6 4 0 4 3 4 0 

Problem: p5
Time: 6.098s
Total Cost: 9249
Facility Status: 1 1 1 1 1 1 1 1 1 1 
Customer State: 8 2 1 6 3 8 2 4 2 1 9 8 3 2 8 3 4 0 9 7 3 8 6 4 5 5 1 5 0 5 2 6 0 3 9 4 4 3 8 4 1 8 1 5 7 0 2 0 4 0 

Problem: p6
Time: 5.798s
Total Cost: 7927
Facility Status: 1 1 1 1 1 1 1 1 1 1 
Customer State: 8 8 1 6 3 8 2 4 4 1 9 8 3 2 8 3 4 0 9 7 3 8 6 4 2 5 1 5 0 5 2 6 3 3 9 4 4 3 0 4 1 8 1 5 7 0 2 0 7 0 

Problem: p7
Time: 6.462s
Total Cost: 10013
Facility Status: 1 1 1 1 1 1 1 1 1 0 
Customer State: 8 8 1 6 3 8 2 4 4 1 6 8 3 2 8 3 7 0 6 7 3 4 6 4 2 5 1 5 0 5 2 6 0 3 2 4 7 3 8 4 1 8 1 5 7 0 4 0 4 0 

Problem: p8
Time: 6.057s
Total Cost: 11855
Facility Status: 1 1 1 1 1 1 1 1 1 1 
Customer State: 8 8 1 6 3 8 2 4 4 1 9 8 3 2 8 3 4 0 9 7 3 8 6 4 2 5 1 5 0 5 2 6 0 3 9 4 4 3 0 4 1 8 1 5 7 0 2 3 7 0 

Problem: p9
Time: 5.996s
Total Cost: 8993
Facility Status: 1 1 1 1 1 1 1 1 1 0 
Customer State: 8 8 1 6 3 8 2 4 4 1 4 8 3 2 8 3 4 0 6 7 3 8 6 4 2 5 1 5 0 5 2 6 0 3 4 4 4 3 0 4 1 8 1 5 7 0 4 0 4 0 

Problem: p10
Time: 6.43s
Total Cost: 7695
Facility Status: 1 1 1 1 1 1 1 1 1 0 
Customer State: 8 8 1 6 3 8 2 4 4 1 4 8 3 2 8 3 4 0 6 7 3 8 6 4 2 5 1 5 0 5 2 6 0 3 4 4 4 3 0 4 1 8 1 5 7 0 4 0 4 0 

Problem: p11
Time: 6.444s
Total Cost: 9433
Facility Status: 1 1 1 1 1 1 0 0 1 1 
Customer State: 8 8 1 5 3 8 2 4 4 1 9 8 3 2 8 3 4 0 9 4 3 8 9 4 2 5 1 5 0 5 2 5 0 3 9 4 4 3 0 4 1 8 1 5 4 0 2 0 4 0 

Problem: p12
Time: 5.793s
Total Cost: 10817
Facility Status: 1 1 1 1 1 0 1 1 1 0 
Customer State: 8 8 1 6 3 8 2 4 4 1 4 8 3 2 8 3 4 0 6 7 3 8 6 4 2 6 1 1 0 1 2 6 0 3 4 4 4 3 0 4 1 8 1 6 7 0 4 0 4 0 

Problem: p13
Time: 6.516s
Total Cost: 9583
Facility Status: 1 1 1 1 1 0 0 1 0 1 1 0 1 1 0 1 0 1 0 0 
Customer State: 0 12 10 10 1 12 17 13 12 17 15 4 1 10 13 3 15 10 4 9 12 15 15 2 9 17 0 17 1 17 13 7 2 7 3 10 3 1 1 13 9 0 0 0 3 13 12 10 2 9 

Problem: p14
Time: 6.022s
Total Cost: 7572
Facility Status: 0 0 0 1 0 0 1 0 0 0 1 1 1 1 1 1 1 1 0 1 
Customer State: 16 12 10 10 19 12 17 13 14 17 15 19 19 6 13 3 15 10 17 6 12 15 15 19 6 17 16 17 3 17 13 15 13 16 3 10 11 19 19 13 6 16 15 16 11 13 14 10 19 6 

Problem: p15
Time: 5.985s
Total Cost: 9570
Facility Status: 0 0 0 1 0 0 0 1 0 1 0 0 1 1 0 1 1 1 0 1 
Customer State: 16 12 7 7 19 12 17 13 12 17 15 19 19 9 13 3 15 7 17 9 12 15 15 19 9 17 16 17 3 17 13 7 13 16 3 7 3 19 19 13 9 16 15 16 3 13 12 7 19 9 

Problem: p16
Time: 6.196s
Total Cost: 11434
Facility Status: 0 0 0 1 0 1 0 0 0 1 1 0 1 0 0 1 1 1 0 1 
Customer State: 16 12 10 10 19 15 17 5 12 17 15 19 19 10 19 3 15 10 17 9 12 15 15 19 9 17 16 17 3 17 5 15 19 16 3 10 3 19 19 5 9 16 5 16 3 5 12 10 19 9 

Problem: p17
Time: 6.793s
Total Cost: 9248
Facility Status: 1 1 0 0 0 0 0 1 0 1 1 0 0 1 1 1 1 1 0 1 
Customer State: 16 1 10 10 1 15 1 13 14 17 15 19 1 10 13 14 15 10 17 9 14 15 15 19 9 17 16 17 1 17 13 7 13 16 1 10 17 19 19 13 10 0 0 0 9 13 14 7 19 9 

Problem: p18
Time: 6.392s
Total Cost: 7812
Facility Status: 0 1 1 1 1 0 1 0 0 0 1 0 0 0 1 1 1 1 0 1 
Customer State: 16 1 10 10 1 15 17 2 14 17 15 4 1 6 2 3 15 10 4 6 14 15 15 19 6 17 16 17 1 17 2 14 2 16 3 10 3 19 19 2 6 16 15 16 3 15 14 10 19 6 

Problem: p19
Time: 6.048s
Total Cost: 9654
Facility Status: 0 1 0 0 0 0 0 1 0 1 1 0 1 1 0 1 1 1 0 1 
Customer State: 16 12 7 10 1 12 17 13 12 17 15 19 1 10 13 12 15 10 17 9 12 15 15 19 9 17 16 17 1 17 13 7 13 16 1 10 1 19 19 13 10 16 15 16 9 13 12 10 19 9 

Problem: p20
Time: 6.774s
Total Cost: 12317
Facility Status: 0 0 0 0 0 0 0 1 1 0 1 1 0 1 1 1 1 0 0 1 
Customer State: 16 14 10 10 19 15 11 13 14 11 15 19 19 10 13 11 15 7 11 8 14 15 15 13 10 19 16 11 11 11 13 7 13 16 14 10 8 19 19 13 14 16 15 16 8 13 14 10 19 8 

Problem: p21
Time: 6.515s
Total Cost: 9065
Facility Status: 1 1 1 0 0 0 1 1 1 0 1 0 1 1 0 0 0 1 0 0 
Customer State: 0 12 10 10 1 12 17 13 12 17 7 1 1 6 13 12 7 10 17 6 12 7 7 2 6 17 0 17 1 17 13 7 2 0 1 10 8 1 1 13 6 0 0 0 8 13 12 10 2 8 

Problem: p22
Time: 6.029s
Total Cost: 7764
Facility Status: 1 1 0 1 0 0 1 0 0 1 1 1 1 1 1 1 0 1 0 1 
Customer State: 0 12 10 10 1 12 17 13 14 17 15 19 1 6 13 3 15 10 17 9 12 15 15 19 6 17 0 17 1 17 13 15 13 0 3 10 11 19 19 13 6 0 0 0 11 13 14 10 19 9 

Problem: p23
Time: 6.48s
Total Cost: 9208
Facility Status: 0 0 0 0 1 0 0 0 0 1 1 0 1 1 0 1 1 1 0 1 
Customer State: 16 12 10 10 19 12 17 13 12 17 15 4 19 10 13 12 15 10 4 9 12 15 15 19 9 17 16 17 12 17 13 10 13 16 17 10 17 19 19 13 10 16 15 16 9 13 12 10 19 9 

Problem: p24
Time: 6.062s
Total Cost: 11952
Facility Status: 1 1 1 0 0 0 1 1 0 0 1 1 0 0 0 1 0 1 1 0 
Customer State: 0 1 10 10 1 18 17 18 7 17 15 1 1 6 2 11 15 10 17 6 18 15 15 2 6 17 0 17 1 17 2 7 2 0 1 10 11 1 1 2 6 0 0 0 11 15 7 10 2 6 

Problem: p25
Time: 20.096s
Total Cost: 16475
Facility Status: 1 0 1 0 0 1 0 1 1 1 0 1 0 0 1 0 0 1 0 1 1 0 0 0 1 1 0 1 1 1 
Customer State: 28 11 8 2 20 5 17 9 2 17 24 8 28 8 17 14 14 0 7 11 28 17 9 19 9 20 19 11 5 9 29 0 8 25 20 20 24 24 11 14 0 8 24 8 24 14 7 20 27 8 9 14 17 5 20 20 2 11 11 14 0 24 20 27 11 11 24 0 29 5 20 8 5 0 24 8 9 20 14 5 20 7 20 0 17 0 2 0 20 29 2 9 7 11 17 24 2 19 25 14 8 17 14 25 19 29 17 11 14 28 14 14 2 11 11 27 24 24 24 24 5 8 25 20 8 0 5 9 0 25 0 11 24 29 8 14 7 5 20 17 0 28 20 14 8 25 25 5 2 5 

Problem: p26
Time: 20.185s
Total Cost: 14605
Facility Status: 1 0 1 0 0 1 0 1 1 1 0 1 0 1 1 0 0 1 0 1 1 0 0 0 1 1 0 1 1 0 
Customer State: 13 0 20 2 2 5 19 24 14 17 14 8 19 20 19 14 14 0 5 11 14 7 5 19 24 20 19 24 5 5 5 25 20 25 8 20 11 5 27 17 0 14 9 8 24 14 0 8 27 8 11 19 14 5 20 20 2 11 0 14 17 11 20 11 11 25 24 0 24 9 8 13 11 17 9 20 27 20 14 5 20 0 20 17 2 0 17 0 20 5 2 24 17 11 7 24 2 2 25 13 28 0 0 25 2 5 7 11 14 28 14 19 17 11 25 27 24 24 24 24 5 28 25 13 8 0 5 9 0 25 0 11 24 5 8 14 7 5 20 17 0 8 20 14 8 25 25 5 2 5 

Problem: p27
Time: 20.481s
Total Cost: 18896
Facility Status: 1 0 1 0 0 1 0 1 1 1 0 1 0 1 1 1 1 1 0 0 1 1 0 0 1 1 0 0 1 0 
Customer State: 13 11 20 17 2 11 7 24 28 17 9 13 20 13 7 8 0 11 5 11 17 0 5 7 24 20 2 5 5 24 5 11 20 5 20 8 24 15 9 17 0 14 15 16 24 14 17 13 11 8 25 8 2 5 20 20 2 21 0 14 0 5 20 11 11 11 9 0 5 9 20 13 5 0 9 8 9 20 2 5 20 7 20 17 17 11 2 24 20 5 2 24 7 11 17 24 2 14 25 16 8 17 0 11 14 25 0 11 28 28 14 14 2 11 11 25 24 24 24 24 5 28 25 13 16 0 5 9 0 25 0 11 24 5 8 14 7 5 20 17 0 8 20 14 8 25 25 5 2 5 

Problem: p28
Time: 21.907s
Total Cost: 20061
Facility Status: 1 0 1 1 0 1 0 1 1 1 0 1 0 1 1 0 0 1 0 0 1 0 0 0 1 1 0 1 0 1 
Customer State: 13 0 20 14 13 5 14 9 2 0 24 8 8 20 0 14 14 0 5 0 2 7 5 3 5 8 0 24 24 5 29 11 20 11 20 8 24 9 3 14 0 14 24 8 5 14 0 8 27 8 5 14 14 5 8 13 2 25 11 14 0 5 20 11 11 25 24 0 9 24 20 20 5 17 9 8 9 20 2 24 20 7 13 0 17 17 17 0 20 5 0 9 7 11 7 5 2 3 25 20 8 17 17 25 2 25 17 11 14 8 14 14 2 11 11 27 24 24 24 24 5 8 25 13 8 0 5 24 0 25 0 27 24 5 8 14 17 5 20 17 0 8 20 14 8 25 25 5 2 5 

Problem: p29
Time: 20.083s
Total Cost: 17149
Facility Status: 1 0 1 0 0 1 1 1 1 1 0 1 0 0 1 1 0 1 0 0 1 0 0 0 1 1 0 1 1 1 
Customer State: 6 11 8 0 6 0 7 5 2 0 9 8 20 20 7 2 14 11 27 17 2 0 5 2 9 8 7 24 24 29 5 5 6 29 20 20 5 15 17 14 0 8 15 2 24 17 7 20 27 8 25 2 14 5 28 20 2 11 7 14 0 5 8 11 11 11 24 0 29 9 20 6 11 17 24 28 24 20 14 24 14 7 8 17 2 17 2 0 20 5 14 24 17 11 0 9 14 14 25 8 8 17 17 25 2 25 7 11 14 28 14 14 2 11 11 27 24 24 24 24 5 8 11 20 8 0 5 24 0 25 0 11 24 5 8 14 17 5 20 17 0 8 20 14 8 25 25 5 2 5 

Problem: p30
Time: 19.644s
Total Cost: 14581
Facility Status: 1 0 1 0 0 1 1 1 1 1 0 1 0 1 1 0 0 1 0 1 1 0 0 0 1 1 0 1 0 1 
Customer State: 8 11 13 14 19 5 2 9 2 17 7 8 8 20 19 8 0 0 5 11 19 0 29 2 24 8 14 24 5 9 29 11 2 25 20 20 24 9 7 0 17 14 24 14 24 14 27 13 11 8 5 14 14 5 20 20 17 27 11 17 0 24 20 11 11 0 9 0 5 29 13 6 11 17 24 8 24 20 19 5 13 0 8 17 19 17 2 17 8 29 2 9 0 11 0 5 2 19 25 20 20 17 17 25 2 29 7 11 8 8 14 14 2 0 0 27 24 24 24 24 5 20 25 20 8 0 5 24 0 7 0 11 24 29 8 14 7 5 20 17 0 8 20 14 8 25 25 5 2 5 

Problem: p31
Time: 18.944s
Total Cost: 18295
Facility Status: 1 0 1 0 0 1 0 1 1 1 0 1 0 1 1 0 0 1 0 1 1 0 0 0 1 1 0 0 1 1 
Customer State: 20 11 28 7 28 5 2 5 28 0 5 28 8 13 19 2 17 11 25 11 2 0 24 17 5 8 0 24 11 20 11 11 13 25 20 8 24 24 9 14 0 8 24 28 5 14 7 13 11 28 25 14 14 5 20 13 17 11 7 17 17 24 20 11 17 11 5 0 5 9 20 20 5 17 24 8 9 20 14 9 20 7 20 0 19 0 17 7 20 29 2 24 17 25 7 9 2 17 25 8 8 17 17 25 2 29 17 11 14 28 14 14 2 11 11 11 24 24 24 24 5 8 25 13 8 0 5 9 0 29 0 11 24 25 8 14 17 5 20 17 0 8 20 14 8 25 25 5 2 5 

Problem: p32
Time: 19.292s
Total Cost: 19386
Facility Status: 1 0 1 0 1 1 0 1 1 1 0 1 0 1 1 0 0 1 0 0 1 0 0 0 1 1 0 0 0 0 
Customer State: 20 11 20 17 13 5 8 24 14 17 5 20 13 20 7 14 14 17 5 11 2 4 9 2 9 8 2 5 24 9 5 25 13 25 20 20 24 24 7 2 11 4 9 14 9 14 0 13 25 8 25 2 17 5 13 13 17 11 0 14 0 5 20 0 11 11 24 0 25 9 13 20 0 0 24 8 24 20 2 24 20 7 20 17 0 0 2 4 20 5 17 24 17 11 17 24 2 2 25 13 8 17 17 25 2 25 7 11 14 8 14 14 17 11 11 11 24 24 24 5 5 8 25 13 8 0 5 5 0 25 0 11 24 25 8 14 17 25 20 17 0 8 20 14 8 25 25 5 2 5 

Problem: p33
Time: 19.576s
Total Cost: 15537
Facility Status: 1 0 1 0 0 1 0 1 1 1 0 1 0 1 1 0 0 1 0 1 1 0 0 0 1 1 0 0 0 1 
Customer State: 20 11 13 17 13 5 19 5 14 17 9 20 8 20 14 8 14 17 5 5 14 0 24 7 24 20 19 24 5 9 29 25 13 25 20 20 5 9 0 14 0 14 24 20 24 17 11 13 25 8 29 14 14 11 13 20 14 25 11 14 0 5 20 7 11 0 9 0 5 24 13 20 5 17 24 8 5 20 14 9 20 7 20 17 19 17 17 7 20 29 2 24 17 11 17 9 2 7 25 13 8 17 17 25 2 29 17 0 14 14 14 2 2 11 11 25 24 24 5 5 5 8 25 13 8 0 5 9 0 29 0 11 24 5 8 14 7 5 20 17 0 8 20 14 8 25 25 5 2 5 

Problem: p34
Time: 20.375s
Total Cost: 14534
Facility Status: 1 0 1 0 0 1 0 1 1 0 0 1 0 1 1 0 1 1 0 1 1 0 0 0 1 1 0 1 1 1 
Customer State: 13 25 16 2 13 5 19 24 14 17 29 16 8 8 17 14 14 11 25 0 19 17 7 19 5 8 17 5 5 24 5 11 13 27 8 20 24 24 0 14 17 8 24 8 5 14 7 20 25 28 29 19 2 5 8 20 17 11 0 14 0 24 20 11 11 11 24 0 5 24 20 20 11 17 24 8 5 20 17 25 13 7 13 17 2 17 2 27 20 25 17 24 7 11 17 5 2 19 25 16 28 7 17 25 19 29 17 0 28 28 14 14 17 11 11 27 24 24 24 5 5 8 25 13 16 0 5 24 0 29 0 11 24 5 8 14 0 5 20 17 0 8 20 14 8 25 25 5 2 5 

Problem: p35
Time: 19.617s
Total Cost: 17394
Facility Status: 1 0 1 1 0 1 0 1 1 1 0 1 0 0 1 0 1 1 0 0 1 0 0 0 1 1 0 1 0 1 
Customer State: 8 25 16 2 16 0 17 24 14 0 24 16 8 8 3 2 14 17 25 11 3 0 11 3 24 8 2 24 5 29 5 5 20 11 20 8 24 5 17 14 0 14 9 8 24 14 7 20 27 14 29 2 14 5 20 20 17 27 0 17 0 5 20 11 0 25 24 0 5 24 20 8 11 2 24 8 24 20 14 24 20 7 8 17 7 17 2 0 20 25 2 9 7 11 0 9 2 3 25 16 8 17 17 25 2 25 7 11 14 8 14 14 2 11 11 27 24 24 24 24 5 8 25 20 16 0 5 9 7 25 0 11 24 29 20 14 7 5 20 17 0 8 20 14 8 25 25 5 2 5 

Problem: p36
Time: 19.973s
Total Cost: 21183
Facility Status: 1 0 1 0 0 1 0 1 1 1 0 1 0 0 1 0 1 1 0 0 1 0 1 0 1 1 0 1 1 0 
Customer State: 16 11 20 14 20 5 11 9 28 17 22 16 8 8 17 14 14 17 5 0 14 17 5 2 5 20 5 24 5 5 0 25 20 27 8 28 5 24 7 2 0 14 24 28 24 14 14 20 27 8 27 14 0 5 20 8 17 11 11 14 0 24 20 11 11 0 24 17 5 22 20 20 11 17 24 8 22 20 14 9 20 7 20 17 2 17 17 7 20 5 14 24 17 11 7 24 2 14 25 20 8 17 17 0 2 25 7 11 14 28 14 14 2 0 11 11 24 24 24 24 5 8 11 20 16 7 5 24 0 27 0 11 24 5 8 14 7 5 20 17 0 8 20 14 8 25 25 5 2 5 

Problem: p37
Time: 19.24s
Total Cost: 16288
Facility Status: 1 0 1 0 0 1 0 1 1 0 0 1 0 0 1 1 1 1 0 1 1 0 0 0 1 1 0 1 0 1 
Customer State: 20 11 16 2 16 5 5 24 2 17 0 16 8 8 5 14 17 17 25 0 2 0 5 19 5 20 17 24 5 15 25 11 20 25 20 8 24 15 17 14 11 14 15 8 24 14 27 8 27 8 5 2 14 5 20 8 0 29 0 14 17 5 8 11 11 11 5 0 5 29 16 8 11 7 24 14 24 20 14 24 8 7 20 17 17 17 17 7 20 5 14 24 17 11 17 5 2 17 29 16 8 7 14 11 19 5 0 0 14 8 14 14 2 0 11 25 24 24 24 24 5 8 25 20 16 0 5 24 0 25 0 11 24 5 8 14 7 5 20 17 0 8 20 14 8 25 25 5 2 5 

Problem: p38
Time: 19.455s
Total Cost: 13555
Facility Status: 1 0 1 0 0 1 0 0 1 1 0 1 0 1 1 0 1 1 0 0 1 0 0 0 1 1 0 0 1 1 
Customer State: 20 25 13 2 8 0 14 24 2 17 11 14 8 20 17 8 14 0 5 11 2 17 5 17 5 8 2 24 5 24 11 25 20 25 8 13 24 24 11 14 0 8 24 16 24 14 0 20 11 8 29 14 14 5 16 20 14 11 0 14 0 24 20 11 11 11 24 0 9 24 8 20 11 17 24 20 9 20 14 9 20 0 20 0 2 17 2 0 20 29 2 24 0 25 17 24 2 2 25 8 28 17 17 11 2 29 17 11 14 28 14 14 2 0 11 11 24 9 24 24 5 8 25 13 16 0 5 9 0 5 0 11 24 5 8 14 17 5 20 17 0 8 20 14 8 25 25 5 2 5 

Problem: p39
Time: 19.586s
Total Cost: 17042
Facility Status: 1 0 1 0 0 1 0 1 1 0 0 1 0 1 1 0 0 1 0 0 1 0 0 0 1 1 0 1 1 1 
Customer State: 8 11 13 14 8 11 14 17 14 17 29 20 28 20 0 14 14 17 5 0 17 7 0 2 11 20 0 24 24 24 11 11 8 11 20 20 5 24 7 14 17 14 24 28 5 14 0 8 25 8 5 2 14 11 13 8 17 29 11 14 0 11 20 27 0 11 24 0 5 5 8 20 11 0 24 8 5 20 14 24 20 7 13 17 2 17 17 7 20 5 2 24 17 11 2 5 2 14 25 13 8 7 14 11 2 29 17 11 14 8 14 14 2 11 25 27 24 24 24 24 5 8 11 13 8 0 5 24 0 11 0 11 24 5 8 14 17 5 20 17 0 8 20 14 8 25 25 5 2 5 

Problem: p40
Time: 19.983s
Total Cost: 21205
Facility Status: 1 0 1 0 0 1 0 1 1 1 0 1 0 0 1 0 1 1 0 1 1 0 0 0 1 1 0 1 0 1 
Customer State: 20 11 20 17 16 5 2 24 14 0 24 8 8 20 17 20 14 17 17 0 2 17 5 19 5 8 2 24 9 5 5 11 14 25 14 20 24 5 7 0 0 14 25 16 24 14 11 8 27 8 29 14 14 11 8 20 17 27 0 14 0 5 20 25 0 11 24 17 9 24 20 20 0 17 24 8 25 20 14 24 8 0 8 0 19 17 0 7 20 5 2 24 7 11 17 9 2 19 5 16 8 17 17 25 2 29 17 11 14 14 17 14 2 11 11 25 24 9 24 24 5 8 25 20 16 7 5 24 0 25 0 11 5 5 8 14 7 5 20 17 0 8 20 14 8 25 25 5 2 5 

Problem: p41
Time: 11.099s
Total Cost: 7116
Facility Status: 1 1 1 1 1 1 1 1 1 1 
Customer State: 5 6 4 1 7 9 3 7 8 8 4 9 2 6 2 7 7 3 0 6 6 1 4 1 6 5 5 4 8 5 8 0 0 0 3 9 2 6 6 9 2 7 3 3 3 5 0 5 6 4 1 1 6 6 2 7 2 8 8 8 0 0 1 5 0 6 6 6 4 4 0 4 4 0 7 7 2 2 6 5 7 2 2 9 9 9 9 2 9 2 

Problem: p42
Time: 10.189s
Total Cost: 7884
Facility Status: 1 1 0 1 1 0 1 0 1 0 0 1 1 0 1 1 0 1 1 1 
Customer State: 12 18 3 14 15 18 1 3 17 1 11 19 6 19 6 15 0 3 14 8 14 11 14 8 12 8 11 12 17 4 1 19 6 8 14 19 6 0 0 1 1 3 3 12 11 8 8 19 15 15 1 17 1 4 3 11 12 14 14 14 11 11 4 3 11 3 0 15 19 6 18 18 19 19 19 18 18 18 19 19 

Problem: p43
Time: 8.935s
Total Cost: 7008
Facility Status: 1 0 1 0 0 0 0 0 0 0 0 0 1 0 0 0 0 0 1 1 0 1 1 0 1 1 0 0 1 1 
Customer State: 18 19 18 24 2 19 25 19 12 29 24 2 25 22 18 18 21 21 12 0 25 25 22 22 22 2 29 18 29 29 29 2 2 2 0 22 25 12 21 18 18 12 29 24 24 25 25 22 22 18 21 0 0 18 18 18 19 22 2 29 29 29 28 29 28 28 28 28 28 29 

Problem: p44
Time: 11.314s
Total Cost: 7162
Facility Status: 1 1 1 1 1 1 1 1 1 1 
Customer State: 4 4 4 4 4 4 4 4 0 0 6 0 0 0 0 0 1 1 1 7 1 1 1 2 2 2 2 2 2 2 2 3 3 3 3 3 3 3 3 3 4 0 1 8 2 8 7 5 3 7 7 6 5 5 8 8 7 7 9 5 5 5 9 3 0 6 6 8 1 0 4 9 9 7 7 8 6 6 5 8 7 9 9 9 9 9 6 5 7 5 

Problem: p45
Time: 9.924s
Total Cost: 8660
Facility Status: 0 1 0 1 0 1 0 1 1 1 0 0 1 0 1 1 1 1 1 0 
Customer State: 18 18 15 15 15 18 15 7 1 1 1 1 1 1 15 3 3 3 3 3 3 8 14 12 12 12 12 12 14 5 5 5 5 5 5 5 5 5 15 15 3 3 17 8 18 16 18 3 15 16 8 8 17 16 18 16 14 15 7 9 3 9 15 17 18 7 8 12 7 9 18 12 18 17 14 17 8 16 9 7 

Problem: p46
Time: 8.567s
Total Cost: 7874
Facility Status: 1 0 1 0 0 0 0 0 1 0 1 1 1 1 1 0 0 0 1 0 0 0 0 0 0 0 1 0 1 1 
Customer State: 10 0 10 10 10 0 10 11 11 11 11 11 11 11 11 2 2 2 2 2 2 14 14 26 26 14 14 8 8 8 8 13 13 8 10 2 2 14 14 28 29 12 2 28 26 26 18 26 29 28 29 13 13 11 2 26 13 18 18 26 12 11 28 18 26 26 14 13 12 12 

Problem: p47
Time: 11.325s
Total Cost: 6654
Facility Status: 1 1 1 1 1 0 1 1 1 1 
Customer State: 0 2 0 2 0 0 0 0 0 0 1 1 1 2 1 1 1 2 2 2 2 2 2 2 2 2 2 3 3 3 3 3 3 3 3 4 4 4 4 4 4 4 4 4 4 4 4 6 4 4 4 4 4 4 6 6 6 6 6 6 6 6 7 7 6 7 6 8 7 7 7 7 7 7 8 8 8 6 0 8 8 8 9 0 9 9 9 2 9 9 

Problem: p48
Time: 10.534s
Total Cost: 7162
Facility Status: 1 1 0 0 0 1 1 0 1 1 0 0 1 1 0 0 1 1 0 1 
Customer State: 0 0 1 1 1 0 1 1 1 0 1 0 0 5 1 13 5 5 9 5 5 5 5 5 6 6 6 6 6 6 6 8 8 8 9 8 9 8 9 9 9 9 12 12 12 8 8 9 13 13 12 13 13 12 13 16 16 12 16 13 0 16 16 16 16 16 16 17 17 17 17 17 17 19 19 19 19 19 19 19 

Problem: p49
Time: 9.379s
Total Cost: 6662
Facility Status: 0 0 1 0 0 1 0 0 0 0 0 0 1 1 1 1 1 0 0 0 0 0 1 0 0 1 0 0 0 1 
Customer State: 2 2 2 2 2 2 2 2 5 5 5 5 5 14 14 2 14 14 2 2 14 5 15 13 15 15 15 12 12 12 14 13 13 14 15 15 16 16 16 16 16 16 12 25 13 12 12 12 22 12 22 25 2 22 22 22 22 25 25 25 25 25 25 25 29 29 29 29 29 29 

Problem: p50
Time: 14.378s
Total Cost: 9571
Facility Status: 1 1 1 1 1 1 1 1 0 1 
Customer State: 3 6 3 0 2 1 5 5 3 7 7 4 6 2 0 2 9 5 5 3 6 6 0 4 0 0 7 4 4 7 7 7 3 3 3 5 1 9 0 0 0 9 9 2 5 5 5 5 5 3 3 5 6 4 0 0 6 6 2 2 2 7 7 7 3 3 0 4 7 7 3 6 6 0 0 4 4 3 3 4 3 5 2 9 2 9 9 7 2 7 9 1 1 1 1 1 9 9 1 1 

Problem: p51
Time: 13.308s
Total Cost: 8874
Facility Status: 0 1 0 1 0 1 1 1 0 0 1 0 1 1 1 1 0 0 1 0 
Customer State: 15 6 15 14 12 13 5 5 15 1 5 3 18 13 6 13 12 5 5 15 6 10 10 14 14 14 7 3 3 7 1 1 15 15 15 5 13 13 10 10 10 13 6 13 5 5 5 5 5 15 15 5 14 14 14 10 6 6 13 13 13 5 1 5 15 15 10 3 7 7 15 10 10 10 10 3 3 15 15 3 15 5 12 12 18 13 6 5 12 1 13 13 13 18 18 13 18 18 13 13 

Problem: p52
Time: 12.703s
Total Cost: 10208
Facility Status: 0 1 0 1 1 1 1 1 1 1 
Customer State: 7 7 7 7 7 7 7 7 3 4 4 4 3 4 4 4 4 5 8 8 8 3 3 8 8 1 9 9 5 9 8 9 9 5 6 6 6 6 6 6 6 6 6 6 7 7 4 5 5 5 5 3 4 6 7 9 3 3 3 4 6 9 5 5 3 3 9 6 4 7 9 6 4 3 3 5 3 4 7 9 6 3 3 5 5 3 3 7 5 3 5 1 9 1 5 1 3 4 3 7 

Problem: p53
Time: 12.437s
Total Cost: 10911
Facility Status: 0 1 0 1 0 1 1 1 1 1 0 0 1 1 0 1 1 0 1 1 
Customer State: 5 5 16 5 5 5 5 5 19 7 19 7 7 7 7 7 7 12 13 13 13 13 12 13 3 15 9 15 9 9 9 9 15 9 18 18 18 18 18 18 18 18 18 18 5 5 7 12 12 15 15 3 7 18 5 15 3 3 1 6 18 9 15 12 3 13 9 5 6 5 18 18 6 3 3 15 3 6 6 8 18 19 13 15 15 3 1 6 15 1 15 8 9 15 15 18 1 6 1 16 

Problem: p54
Time: 12.223s
Total Cost: 9468
Facility Status: 1 0 1 1 1 1 1 1 1 1 
Customer State: 9 9 7 7 7 7 7 2 2 2 2 2 2 2 2 2 2 2 2 3 3 3 2 3 3 3 3 3 3 3 3 3 3 3 3 3 3 3 3 6 6 6 8 8 8 8 8 8 8 8 8 3 6 6 6 6 6 6 6 6 6 5 5 6 5 5 5 6 6 0 0 6 0 5 7 0 0 0 0 0 0 0 0 4 4 4 4 4 4 4 4 9 4 9 4 9 9 4 9 2 

Problem: p55
Time: 12.267s
Total Cost: 9951
Facility Status: 1 0 1 0 0 1 1 1 1 1 1 1 0 1 1 0 0 1 1 0 
Customer State: 17 18 18 17 17 8 17 2 18 2 8 8 2 8 8 2 2 2 8 6 6 6 2 6 6 6 6 6 14 14 6 14 6 6 6 6 6 6 14 7 7 0 14 7 0 7 0 0 0 0 0 0 7 10 7 7 10 7 7 7 11 11 11 7 11 11 11 7 11 9 9 11 9 11 18 13 9 13 9 9 13 13 13 13 5 13 5 5 5 5 5 18 18 18 18 18 18 18 18 18 

Problem: p56
Time: 28.01s
Total Cost: 29699
Facility Status: 1 0 1 1 1 1 1 1 1 0 1 1 1 1 1 1 1 1 1 1 1 1 0 1 1 1 1 1 1 1 
Customer State: 25 6 2 18 2 12 15 19 27 24 26 11 13 8 28 7 3 20 27 28 18 21 23 2 10 18 24 19 29 2 19 29 26 21 27 4 10 13 24 24 18 8 6 4 13 19 13 21 14 28 2 21 0 21 20 25 11 8 27 7 29 27 7 20 13 12 23 14 11 11 7 6 19 8 5 23 20 23 8 16 17 23 26 25 29 13 6 5 27 7 11 19 25 25 0 13 28 6 17 17 28 24 25 18 26 24 29 24 27 3 14 4 11 12 12 8 28 11 10 8 26 11 10 4 26 16 2 19 26 0 28 21 25 20 5 8 13 8 28 10 12 18 11 11 7 5 24 21 27 7 24 28 23 0 8 28 2 15 3 13 13 27 10 24 5 27 5 4 3 21 5 20 28 14 26 2 0 10 29 10 5 21 2 19 12 8 28 23 0 21 2 21 6 4 7 12 7 15 10 19 

Problem: p57
Time: 28.417s
Total Cost: 39408
Facility Status: 1 1 1 1 1 1 1 1 1 1 1 1 1 1 1 0 1 1 1 1 1 1 1 1 1 1 1 1 1 1 
Customer State: 18 12 16 27 21 17 21 28 22 6 26 28 13 1 6 18 3 23 22 28 18 24 5 27 5 11 27 6 29 2 26 4 26 16 27 6 14 9 21 16 18 8 6 26 8 26 20 16 19 14 27 24 2 2 20 28 7 9 22 18 29 24 7 8 3 11 0 14 28 25 25 12 12 8 5 3 23 23 8 16 20 0 9 25 29 20 28 5 24 7 0 19 25 25 2 8 18 11 17 28 0 24 12 18 6 24 29 21 22 3 19 4 18 6 12 8 17 7 17 13 14 25 17 4 26 16 21 11 26 0 27 16 25 20 23 26 3 3 28 20 12 18 12 11 11 5 16 21 27 11 27 17 23 0 8 11 2 16 3 13 13 27 23 24 5 24 5 29 1 21 5 8 19 14 26 2 0 10 29 10 5 21 2 19 12 8 28 23 17 21 2 21 6 4 7 12 7 21 10 19 

Problem: p58
Time: 26.559s
Total Cost: 52856
Facility Status: 1 0 1 1 1 1 1 1 1 1 1 1 1 1 1 0 1 1 1 1 1 1 0 0 1 0 1 1 1 0 
Customer State: 18 28 24 27 21 12 21 27 18 11 6 17 13 3 19 7 20 10 27 27 11 27 10 0 8 0 27 19 4 10 19 26 26 24 28 4 20 10 24 24 11 9 19 4 8 6 3 21 28 28 24 24 16 16 8 6 7 9 18 18 9 2 18 9 8 11 0 14 28 12 18 12 19 8 5 10 20 0 8 16 10 0 8 12 4 13 19 5 27 7 17 19 11 11 17 3 11 12 0 28 28 21 7 18 4 0 4 24 16 13 14 4 27 12 11 8 17 27 14 8 26 11 17 6 26 16 2 11 26 17 28 24 12 10 5 9 3 3 28 17 12 18 12 28 11 5 24 21 27 11 27 17 10 17 8 11 2 16 3 13 3 27 10 24 5 27 5 26 3 21 5 20 19 14 26 2 0 10 4 20 5 21 2 19 11 8 28 10 0 21 2 21 6 4 7 12 7 21 10 19 

Problem: p59
Time: 25.937s
Total Cost: 43532
Facility Status: 1 1 1 1 1 1 1 0 1 1 1 1 1 1 1 1 1 1 1 1 1 1 1 1 1 1 0 1 1 1 
Customer State: 18 19 21 22 2 6 21 28 22 28 4 28 10 23 11 18 13 23 22 27 27 16 5 24 14 27 27 17 29 2 19 4 19 21 0 11 10 8 21 15 18 20 12 4 8 4 10 16 6 17 24 24 27 21 9 6 25 8 18 25 19 0 18 9 13 11 5 17 6 12 22 6 6 9 23 10 10 5 8 27 10 17 9 11 4 20 19 5 24 25 28 19 25 25 23 1 17 6 10 28 28 15 25 18 4 0 29 21 22 3 6 12 18 6 12 13 28 25 17 8 9 11 28 4 14 16 5 28 19 17 27 24 25 10 23 8 1 3 17 14 11 22 28 11 25 5 16 15 18 25 24 0 23 0 20 11 2 15 13 3 13 27 10 2 5 27 5 4 3 21 1 20 19 14 4 2 0 10 29 20 5 21 2 19 12 8 11 10 0 21 2 21 6 4 25 12 25 15 10 19 

Problem: p60
Time: 28.111s
Total Cost: 29325
Facility Status: 1 0 0 1 1 1 1 1 1 1 1 1 1 0 1 1 1 1 1 1 1 1 0 1 1 1 1 1 1 0 
Customer State: 18 6 24 27 15 6 21 27 18 11 4 20 23 23 28 27 3 20 16 0 18 24 5 24 10 27 24 28 6 21 19 28 4 16 18 12 20 8 24 16 18 26 11 19 8 19 3 21 28 9 24 16 21 16 8 11 11 9 18 25 14 0 27 20 8 11 5 14 28 12 25 12 4 26 23 23 10 0 8 24 8 0 26 25 4 10 6 5 24 25 14 6 11 25 23 3 18 6 10 17 19 15 25 18 26 28 4 24 16 8 14 4 27 12 11 8 19 7 17 20 19 11 0 4 26 21 21 11 26 0 28 21 12 10 10 20 8 8 28 10 12 18 11 25 25 5 27 15 27 7 24 17 10 0 8 11 0 15 20 20 3 27 10 24 5 27 5 4 3 21 5 20 19 14 26 24 0 10 4 10 5 21 21 19 12 8 28 23 0 21 21 21 6 4 7 12 7 15 10 19 

Problem: p61
Time: 26.587s
Total Cost: 38441
Facility Status: 1 1 1 0 1 1 1 1 1 1 1 1 1 1 1 1 0 1 1 1 1 1 0 1 1 1 1 1 1 1 
Customer State: 0 4 2 27 17 11 15 17 27 14 4 28 13 1 28 11 1 13 24 27 11 2 2 0 14 18 0 19 29 21 6 6 26 15 0 12 8 20 15 21 25 20 19 26 23 26 8 21 19 14 24 21 2 21 13 12 11 9 18 7 4 0 7 10 20 25 0 14 25 7 18 12 19 9 23 23 20 23 13 21 10 0 8 25 6 13 19 23 24 25 17 12 25 25 5 1 28 6 0 28 28 15 6 18 4 0 29 27 21 20 19 29 27 12 12 8 28 25 14 8 26 11 28 19 9 24 2 11 26 28 27 21 25 20 23 20 1 13 28 10 11 27 27 25 25 5 2 15 27 7 24 28 23 0 8 11 2 15 13 13 13 27 10 24 23 27 5 4 1 21 1 8 19 14 26 2 0 10 29 10 5 21 2 19 12 8 28 23 0 21 2 21 6 4 7 12 7 15 10 19 

Problem: p62
Time: 27.566s
Total Cost: 53682
Facility Status: 1 0 1 1 1 1 1 1 1 1 1 1 1 1 1 0 0 1 1 1 1 1 0 0 1 1 1 1 1 0 
Customer State: 18 6 21 24 0 12 21 2 27 17 4 17 10 5 28 11 3 20 21 0 27 21 28 24 13 27 21 19 26 5 4 26 6 2 27 25 20 8 24 2 18 9 6 4 3 26 13 21 14 10 24 27 2 21 8 6 25 9 27 25 4 0 12 8 3 7 2 19 6 12 18 12 4 9 10 10 8 5 20 21 13 5 20 25 4 13 19 0 18 7 28 28 27 25 5 3 11 11 0 28 17 5 25 18 26 0 6 24 18 20 14 4 27 28 12 8 28 25 14 8 14 11 27 19 9 21 2 12 26 17 17 24 25 10 5 20 3 3 17 10 12 27 11 25 7 10 27 21 18 25 24 17 10 0 8 11 2 21 3 3 3 27 10 2 5 27 10 4 13 21 13 20 19 14 26 2 17 10 4 10 5 21 2 19 12 8 28 10 0 21 2 21 6 4 7 12 7 21 10 19 

Problem: p63
Time: 28.004s
Total Cost: 43360
Facility Status: 1 1 1 0 1 1 1 1 1 1 1 1 1 1 1 0 1 1 1 1 1 1 1 1 0 1 1 1 1 1 
Customer State: 18 4 0 18 2 25 21 27 27 28 12 28 13 1 11 25 1 14 22 0 18 16 5 27 10 18 27 28 4 21 19 19 26 21 27 28 14 8 21 22 18 9 19 29 9 4 13 16 14 20 0 21 2 17 8 6 25 14 18 25 4 17 18 8 9 25 2 14 6 25 27 12 28 20 23 1 8 17 13 16 10 0 9 27 29 10 19 5 22 7 28 6 11 25 2 13 11 6 17 28 17 16 25 18 4 0 4 27 22 13 14 4 27 6 12 20 28 11 17 8 26 11 0 19 26 21 2 12 14 17 28 2 11 20 1 20 13 13 11 10 12 22 11 11 25 5 16 16 27 7 27 17 23 17 8 11 2 16 13 13 13 0 23 0 5 27 23 4 1 2 5 20 19 14 26 2 0 10 29 10 5 21 2 19 12 8 28 23 0 21 2 21 6 4 7 12 7 21 10 19 

Problem: p64
Time: 27.988s
Total Cost: 29947
Facility Status: 1 1 1 0 1 1 1 1 1 1 1 1 1 1 1 1 1 1 1 1 1 1 1 1 1 1 0 1 1 1 
Customer State: 18 6 21 24 21 25 21 11 22 17 29 14 13 1 14 25 13 13 27 0 27 21 5 0 23 18 27 28 29 5 19 4 20 16 28 28 8 13 24 16 27 9 14 9 8 19 13 21 6 14 24 16 5 16 9 6 11 9 22 25 29 27 7 20 13 12 23 6 28 6 7 12 20 9 23 5 20 23 8 27 23 17 9 7 6 13 4 5 27 25 11 19 25 25 2 1 28 11 5 19 28 21 25 18 6 0 4 27 22 13 19 29 27 12 25 8 28 7 0 20 8 11 17 19 4 15 21 11 4 0 11 24 25 10 1 9 1 8 28 10 12 22 11 25 25 0 24 21 27 25 2 17 23 0 8 11 5 15 13 13 1 27 10 2 5 27 5 4 13 21 1 20 14 14 4 2 0 10 29 10 5 15 2 19 12 8 28 10 0 21 2 21 6 4 7 12 7 15 10 19 

Problem: p65
Time: 28.456s
Total Cost: 35179
Facility Status: 1 0 1 0 1 1 1 1 1 0 1 1 1 1 0 1 1 1 1 1 1 1 1 1 1 1 1 1 1 0 
Customer State: 25 19 21 27 21 12 24 27 27 28 4 28 13 23 28 27 20 10 22 0 18 21 23 24 10 18 18 28 4 2 6 19 4 21 28 6 20 8 16 21 18 26 12 4 8 6 20 2 19 20 24 16 21 21 8 28 11 8 22 7 4 27 7 8 13 25 5 17 6 11 12 12 19 26 23 20 20 10 8 24 20 0 26 25 4 13 19 23 27 18 28 4 7 11 0 13 28 6 0 28 17 15 28 18 4 0 26 27 22 13 19 4 27 12 11 8 28 7 17 8 26 11 28 19 26 16 2 11 19 0 28 24 25 10 13 8 13 13 28 20 12 24 12 11 25 5 16 15 18 25 27 0 23 0 8 28 5 16 13 13 13 24 10 24 5 28 5 4 13 21 5 10 19 10 26 2 0 10 4 10 5 21 2 19 12 8 28 23 0 21 2 21 6 4 7 12 7 15 10 19 

Problem: p66
Time: 27.411s
Total Cost: 55289
Facility Status: 1 1 1 0 1 1 1 1 1 1 1 1 1 1 1 0 1 1 1 1 0 1 1 1 1 1 0 1 1 0 
Customer State: 27 6 21 22 21 19 2 11 27 17 4 0 8 13 28 25 1 28 27 16 18 16 2 27 1 27 24 6 9 5 19 17 12 21 27 28 14 8 22 21 7 8 11 4 8 19 13 21 19 14 24 27 2 21 8 19 25 9 7 25 4 0 11 8 10 11 5 19 17 25 18 12 4 9 23 13 14 10 17 16 23 0 8 18 4 8 4 5 27 7 11 6 25 11 2 13 11 6 2 28 28 16 25 18 4 24 4 27 22 9 19 4 18 6 12 9 28 11 0 8 9 25 0 19 9 22 2 11 19 17 27 24 25 10 1 14 1 13 28 10 12 18 11 11 25 5 16 21 22 25 24 17 10 0 13 28 2 16 8 13 13 27 10 24 23 24 5 4 1 16 1 8 19 14 4 2 27 14 4 14 5 21 2 19 12 8 28 23 0 21 2 21 6 4 7 12 7 21 10 19 

Problem: p67
Time: 28.036s
Total Cost: 40161
Facility Status: 1 1 1 0 1 0 1 1 0 0 1 1 1 1 0 1 1 1 1 1 1 1 0 1 1 1 1 1 1 1 
Customer State: 20 19 2 16 2 25 15 0 27 28 26 28 10 1 28 11 1 10 27 17 11 21 2 27 13 11 16 19 29 21 19 19 26 21 28 28 10 20 24 16 18 20 6 26 10 19 1 16 6 20 24 24 21 16 20 19 11 26 7 25 4 0 7 20 1 11 0 19 28 7 18 12 19 20 23 23 20 10 20 16 1 0 4 11 29 20 29 21 27 7 28 4 11 11 2 13 28 6 17 17 28 15 25 27 19 0 4 24 27 23 19 4 18 12 12 20 18 7 10 20 19 28 17 19 26 16 2 11 26 17 28 2 25 10 23 20 1 20 17 20 12 18 11 11 25 23 27 15 27 25 24 17 10 0 20 12 2 15 13 13 13 27 23 24 2 27 1 4 1 21 13 20 19 10 26 2 0 10 29 10 2 21 2 19 12 20 28 23 0 21 2 21 6 4 7 12 7 15 10 19 

Problem: p68
Time: 27.096s
Total Cost: 30328
Facility Status: 1 1 1 1 1 1 1 1 1 1 1 1 1 1 1 1 1 1 0 1 1 1 1 1 1 1 0 1 1 1 
Customer State: 7 6 24 27 14 4 21 0 16 28 4 19 23 13 19 7 3 13 27 0 11 21 23 24 10 25 22 28 4 21 6 19 19 16 27 6 8 20 16 21 11 9 25 29 20 19 8 2 19 14 2 16 0 15 3 12 11 20 27 25 29 17 7 8 1 11 0 28 6 12 27 6 6 14 23 5 20 5 8 24 10 0 9 7 29 8 6 5 27 25 28 19 11 11 2 3 27 6 23 28 28 15 25 25 4 17 29 24 22 13 6 4 27 12 12 20 28 11 17 20 9 11 17 19 9 21 2 11 19 17 12 24 25 8 13 9 3 3 28 28 12 22 11 25 25 2 16 21 22 25 24 14 23 0 13 11 2 15 13 3 13 24 10 24 5 27 5 4 3 21 1 20 19 14 4 21 0 10 29 20 5 21 2 19 12 8 28 10 0 21 2 21 6 4 7 12 7 15 10 19 

Problem: p69
Time: 29.1s
Total Cost: 37962
Facility Status: 1 0 1 1 1 1 1 1 1 1 1 1 1 1 1 1 1 1 1 1 1 1 0 0 1 1 1 1 1 1 
Customer State: 18 19 2 24 2 12 16 11 18 27 6 11 10 10 11 7 10 13 16 24 18 16 2 21 10 27 27 0 29 2 4 4 26 21 0 6 10 8 2 16 18 9 11 29 9 26 8 21 28 10 0 16 24 21 9 25 18 9 18 7 9 5 18 8 20 7 5 14 14 12 7 25 6 8 5 13 20 5 8 16 10 0 26 11 6 10 6 2 27 11 19 6 25 25 2 13 11 6 0 28 19 15 12 18 6 0 4 24 27 3 19 4 18 12 12 8 28 7 14 20 14 11 17 4 4 16 24 12 19 10 28 24 25 10 13 26 3 3 11 10 12 27 12 11 7 2 24 15 27 25 27 17 5 0 8 28 2 15 3 13 10 27 10 24 5 27 5 4 3 21 5 20 19 14 26 2 0 10 29 10 5 21 2 19 12 8 28 13 0 21 2 21 6 4 7 12 7 15 10 19 

Problem: p70
Time: 30.049s
Total Cost: 55782
Facility Status: 1 0 1 1 1 1 1 0 1 1 1 1 1 1 1 1 1 1 1 1 1 1 0 1 1 1 0 1 1 1 
Customer State: 18 28 21 24 5 11 24 28 18 28 29 19 13 5 0 18 3 20 16 24 25 16 5 27 10 18 27 14 19 23 19 4 9 24 27 12 8 14 21 21 18 3 12 19 8 4 13 24 19 14 24 24 24 24 8 12 12 9 27 25 4 17 18 8 13 11 23 28 28 25 27 12 6 9 23 23 20 0 20 24 5 17 9 25 29 10 6 5 27 12 11 6 25 25 5 3 28 12 10 28 17 15 25 18 9 0 29 27 18 3 19 4 27 11 11 20 11 25 17 8 14 11 17 6 4 21 2 11 19 17 17 21 12 14 23 10 3 13 28 14 12 27 11 11 18 2 24 15 27 11 27 17 23 0 8 11 2 15 3 3 3 27 10 24 5 27 5 4 3 21 5 20 19 10 4 21 0 10 29 20 5 21 2 19 12 8 28 23 0 2 2 21 6 4 25 12 25 15 10 19 

Problem: p71
Time: 29.317s
Total Cost: 42042
Facility Status: 1 1 1 0 1 1 1 1 1 1 1 1 1 1 1 1 1 1 1 1 1 1 0 1 1 0 0 1 1 0 
Customer State: 18 14 23 27 21 11 21 28 27 28 9 28 13 1 14 7 1 20 16 27 18 16 5 2 13 27 18 19 4 5 6 12 19 24 18 6 9 9 24 2 11 8 12 9 8 4 13 16 6 20 24 27 24 21 10 12 6 9 27 7 4 5 7 20 13 11 17 17 11 12 18 11 19 9 23 13 20 5 20 16 10 0 9 19 4 10 6 5 27 7 17 6 7 7 2 13 11 12 2 17 28 15 11 7 6 0 4 24 27 8 19 19 18 12 11 8 28 7 14 8 9 12 17 19 4 16 21 12 19 0 28 16 11 20 23 9 13 8 28 20 12 24 12 11 7 2 24 15 27 7 24 17 23 24 8 11 2 15 13 13 1 27 10 24 23 27 5 4 1 21 1 20 28 14 4 2 0 20 4 10 5 21 2 19 12 8 28 23 0 21 21 21 6 4 7 12 7 15 10 19 

